,category_id,description,category_path
0,407,sincerely nuts pitted dates 3 lb,Grocery & Gourmet Food > Snack Foods > Dried Fruit & Raisins
1,407,jumbo medjool dates (1 pound bag),Grocery & Gourmet Food > Snack Foods > Dried Fruit & Raisins
2,407,"just tomatoes organic just mango, 1.5 ounce pouch",Grocery & Gourmet Food > Snack Foods > Dried Fruit & Raisins
3,407,"Dried Mango, Pineapple, Papaya Fruit Mix by Gerbs - 4 LBS, No Sugar Added/Unsulfured - Top 11 Allergen Free & NON GMO",Grocery & Gourmet Food > Snack Foods > Dried Fruit & Raisins
4,407,"Navitas Naturals Organic Goji Berries, 16 Ounce",Grocery & Gourmet Food > Snack Foods > Dried Fruit & Raisins
5,407,jumbo medjool dates (1lb),Grocery & Gourmet Food > Snack Foods > Dried Fruit & Raisins
6,407,sun maid organic raisins-32,Grocery & Gourmet Food > Snack Foods > Dried Fruit & Raisins
7,407,"sun maid california golden raisins, 15-ounce boxes (pack of 6)",Grocery & Gourmet Food > Snack Foods > Dried Fruit & Raisins
8,407,"Viva Labs #1 Premium Himalayan Organic Goji Berries, Noticeably Larger and",Grocery & Gourmet Food > Snack Foods > Dried Fruit & Raisins
9,407,"Ocean Spray Craisins Dried Cranberries, 24 Ounce",Grocery & Gourmet Food > Snack Foods > Dried Fruit & Raisins
10,407,"Terrasoul Superfoods Sun-Dried Goji Berries (Organic), 12 Ounce",Grocery & Gourmet Food > Snack Foods > Dried Fruit & Raisins
11,407,"sun maid mixed jumbo raisins, 12-ounce pouches (pack of 5)",Grocery & Gourmet Food > Snack Foods > Dried Fruit & Raisins
12,407,sincerely nuts® medjool dates 5 lb,Grocery & Gourmet Food > Snack Foods > Dried Fruit & Raisins
13,407,Kirkland Signature Whole Dried Blueberries: 2 Bags of 20 Oz,Grocery & Gourmet Food > Snack Foods > Dried Fruit & Raisins
14,407,"navitas naturals organic goldenberries, 8-ounce pouches (pack of 2)",Grocery & Gourmet Food > Snack Foods > Dried Fruit & Raisins
15,407,ocean spray® craisins® - 48 oz. bag,Grocery & Gourmet Food > Snack Foods > Dried Fruit & Raisins
16,407,"sun-maid raisins (6 count, 1 oz each)",Grocery & Gourmet Food > Snack Foods > Dried Fruit & Raisins
17,407,"sun maid natural california raisins, 32-ounce (pack of 4)",Grocery & Gourmet Food > Snack Foods > Dried Fruit & Raisins
18,407,"mulberries, dried (1 lb.)",Grocery & Gourmet Food > Snack Foods > Dried Fruit & Raisins
19,407,"great value sweetened dried mango, 6 oz",Grocery & Gourmet Food > Snack Foods > Dried Fruit & Raisins
20,407,nature's all foods organic freeze dried raw banana -- 2.5 oz,Grocery & Gourmet Food > Snack Foods > Dried Fruit & Raisins
21,407,nature's all foods organic freeze dried raw mango -- 1.5 oz,Grocery & Gourmet Food > Snack Foods > Dried Fruit & Raisins
22,407,nature's all foods organic freeze dried raw strawberry -- 1.2 oz,Grocery & Gourmet Food > Snack Foods > Dried Fruit & Raisins
23,407,freshdirect dried turkish apricots - (container),Grocery & Gourmet Food > Snack Foods > Dried Fruit & Raisins
24,407,ocean spray craisins cranberries reduced sugar dried 5 oz bag,Grocery & Gourmet Food > Snack Foods > Dried Fruit & Raisins
25,407,sun-maid california golden raisins - 6 ct 6 oz pkg,Grocery & Gourmet Food > Snack Foods > Dried Fruit & Raisins
26,407,sunsweet mediterranean apricots dried 16 oz can,Grocery & Gourmet Food > Snack Foods > Dried Fruit & Raisins
27,407,sunsweet california prunes (dried plums) pitted bite size 16 oz can,Grocery & Gourmet Food > Snack Foods > Dried Fruit & Raisins
28,407,sunsweet plum amazins plums dried diced 7 oz bag,Grocery & Gourmet Food > Snack Foods > Dried Fruit & Raisins
29,407,sun-maid california raisins natural 20 oz can,Grocery & Gourmet Food > Snack Foods > Dried Fruit & Raisins
30,407,sun maid raisin minis - 12-.5 oz,Grocery & Gourmet Food > Snack Foods > Dried Fruit & Raisins
31,407,signature kitchens dried apricots fancy - 6 oz,Grocery & Gourmet Food > Snack Foods > Dried Fruit & Raisins
32,407,"nectarines, 1 lb",Grocery & Gourmet Food > Snack Foods > Dried Fruit & Raisins
33,407,"great value dried cranberries, 6 oz",Grocery & Gourmet Food > Snack Foods > Dried Fruit & Raisins
34,407,"nature's harvest whole pitted dried dates, 10 oz",Grocery & Gourmet Food > Snack Foods > Dried Fruit & Raisins
35,407,sun-maid raisin autumn mini-snacks...,Grocery & Gourmet Food > Snack Foods > Dried Fruit & Raisins
36,407,sun-maid natural california raisins - 13 oz.,Grocery & Gourmet Food > Snack Foods > Dried Fruit & Raisins
37,407,original dried cranberries craisins,Grocery & Gourmet Food > Snack Foods > Dried Fruit & Raisins
38,407,mariani dates - pitted - 10.00 oz,Grocery & Gourmet Food > Snack Foods > Dried Fruit & Raisins
39,407,ocean spray craisins - blueberry j - 6.00 oz,Grocery & Gourmet Food > Snack Foods > Dried Fruit & Raisins
40,407,mariani dried cherries - 5.00 oz,Grocery & Gourmet Food > Snack Foods > Dried Fruit & Raisins
41,407,organic sun dried goji berries,Grocery & Gourmet Food > Snack Foods > Dried Fruit & Raisins
42,407,woodstock organic medjool dates w/pit,Grocery & Gourmet Food > Snack Foods > Dried Fruit & Raisins
43,407,"bob's red mill, dried cranberries, 8 oz (226 g)",Grocery & Gourmet Food > Snack Foods > Dried Fruit & Raisins
44,407,jade sweet li hing mui dried plums 6.5 ounces made in hawaii,Grocery & Gourmet Food > Snack Foods > Dried Fruit & Raisins
45,407,"newman's own organic prunes, 6 oz",Grocery & Gourmet Food > Snack Foods > Dried Fruit & Raisins
46,407,"navitas naturals goji berries, 4-ounce",Grocery & Gourmet Food > Snack Foods > Dried Fruit & Raisins
47,407,"sun maid natural california raisins, 6 ounce (pack of 12)",Grocery & Gourmet Food > Snack Foods > Dried Fruit & Raisins
48,407,"Anna and Sarah Organic Dried Turkish Figs in Resealable Bag, 3 Lbs",Grocery & Gourmet Food > Snack Foods > Dried Fruit & Raisins
49,407,Mariani Pitted Dried Prunes - 40 Oz. Bag,Grocery & Gourmet Food > Snack Foods > Dried Fruit & Raisins
50,407,"navitas naturals organic mulberries, 4-ounce pouches",Grocery & Gourmet Food > Snack Foods > Dried Fruit & Raisins
51,407,sincerely nuts® medjool dates 3 lb,Grocery & Gourmet Food > Snack Foods > Dried Fruit & Raisins
52,407,"Traverse Bay Fruit Co. Dried Cherries, 4 Pound",Grocery & Gourmet Food > Snack Foods > Dried Fruit & Raisins
53,407,"mulberries, dried - 5 lb bag / box each - we got nuts",Grocery & Gourmet Food > Snack Foods > Dried Fruit & Raisins
54,407,trader joe's freeze dried banana slices unsweetened 2.46oz,Grocery & Gourmet Food > Snack Foods > Dried Fruit & Raisins
55,407,sincerely nuts organic dried mango slices 2 lb,Grocery & Gourmet Food > Snack Foods > Dried Fruit & Raisins
56,407,Sincerely Nuts Turkish Figs 2 LB,Grocery & Gourmet Food > Snack Foods > Dried Fruit & Raisins
57,407,ocean spray craisins dried cranberries 1 oz,Grocery & Gourmet Food > Snack Foods > Dried Fruit & Raisins
58,407,"craisins original dried cranberries, 10 oz",Grocery & Gourmet Food > Snack Foods > Dried Fruit & Raisins
59,407,"mariani pitted prunes, 20 oz",Grocery & Gourmet Food > Snack Foods > Dried Fruit & Raisins
60,407,nature's all foods organic freeze dried fruit - raspberry - 1.3 oz,Grocery & Gourmet Food > Snack Foods > Dried Fruit & Raisins
61,407,newman's own organics organic california raisins - 1.5 oz - 6 ct,Grocery & Gourmet Food > Snack Foods > Dried Fruit & Raisins
62,407,organic traditions dried apricots -- 8 oz,Grocery & Gourmet Food > Snack Foods > Dried Fruit & Raisins
63,407,"freshdirect dried turkish apricots, container - (7oz)",Grocery & Gourmet Food > Snack Foods > Dried Fruit & Raisins
64,407,sun-maid california golden raisins - (15oz),Grocery & Gourmet Food > Snack Foods > Dried Fruit & Raisins
65,407,sun-maid raisins - (20oz),Grocery & Gourmet Food > Snack Foods > Dried Fruit & Raisins
66,407,sun-maid raisins vanilla yogurt covered 8 oz bag,Grocery & Gourmet Food > Snack Foods > Dried Fruit & Raisins
67,407,sunsweet d'noir prunes california plums dried pitted 9 oz bag,Grocery & Gourmet Food > Snack Foods > Dried Fruit & Raisins
68,407,ocean spray craisins cranberries pomegranate juice infused dried 5 oz bag,Grocery & Gourmet Food > Snack Foods > Dried Fruit & Raisins
69,407,o organics organic dried cranberries - 4 oz,Grocery & Gourmet Food > Snack Foods > Dried Fruit & Raisins
70,407,medjool dates fresh pack - 6 oz,Grocery & Gourmet Food > Snack Foods > Dried Fruit & Raisins
71,407,"sun maid vanilla yogurt raisins, 6 count",Grocery & Gourmet Food > Snack Foods > Dried Fruit & Raisins
72,407,"sun maid sun-maid natural california raisins, 12 oz",Grocery & Gourmet Food > Snack Foods > Dried Fruit & Raisins
73,407,"sun maid sun maid california raisins mini snacks bags, 6 ounce",Grocery & Gourmet Food > Snack Foods > Dried Fruit & Raisins
74,407,"navitas naturals navitas naturals organic goji berries, 1 pound",Grocery & Gourmet Food > Snack Foods > Dried Fruit & Raisins
75,407,ocean spray craisin dried cranberries greek yogurt,Grocery & Gourmet Food > Snack Foods > Dried Fruit & Raisins
76,407,"sun-maid natural california raisins, 12 oz",Grocery & Gourmet Food > Snack Foods > Dried Fruit & Raisins
77,407,"sun-maid yogurt raisins, vanilla - 6 pack, 1 oz boxes",Grocery & Gourmet Food > Snack Foods > Dried Fruit & Raisins
78,407,newman's own organics raisins - 15 oz canister,Grocery & Gourmet Food > Snack Foods > Dried Fruit & Raisins
79,407,ocean spray craisins 64 oz - sale price limit 5,Grocery & Gourmet Food > Snack Foods > Dried Fruit & Raisins
80,407,nature's all foods organic dried strawberries - 1.2 oz pouch,Grocery & Gourmet Food > Snack Foods > Dried Fruit & Raisins
81,407,"kirkland signature california sun-dried apricots, 20-ounce",Grocery & Gourmet Food > Snack Foods > Dried Fruit & Raisins
82,407,"hadley date gardens pitted dates, 56-ounces",Grocery & Gourmet Food > Snack Foods > Dried Fruit & Raisins
83,407,"organic happy village dried calimyrna figs, 40 oz",Grocery & Gourmet Food > Snack Foods > Dried Fruit & Raisins
84,407,navitas goji berries 8 oz,Grocery & Gourmet Food > Snack Foods > Dried Fruit & Raisins
85,407,ocean spray craisins pomegranate cranberry,Grocery & Gourmet Food > Snack Foods > Dried Fruit & Raisins
86,407,sunmaid natural california raisins,Grocery & Gourmet Food > Snack Foods > Dried Fruit & Raisins
87,407,sun-maid yogurt raisins - vanilla,Grocery & Gourmet Food > Snack Foods > Dried Fruit & Raisins
88,407,"sprouts, dried turkish apricots, 1 pound",Grocery & Gourmet Food > Snack Foods > Dried Fruit & Raisins
89,407,ocean spray craisins cranberry and - 8.00 oz,Grocery & Gourmet Food > Snack Foods > Dried Fruit & Raisins
90,407,natural delights medjool dates - 10.00 oz,Grocery & Gourmet Food > Snack Foods > Dried Fruit & Raisins
91,407,woodstock organic medjool dates with pit,Grocery & Gourmet Food > Snack Foods > Dried Fruit & Raisins
92,407,nature`s all foods organic freeze dried pineapple,Grocery & Gourmet Food > Snack Foods > Dried Fruit & Raisins
93,407,organic thompson seedless raisins,Grocery & Gourmet Food > Snack Foods > Dried Fruit & Raisins
94,407,organic dried jackfruit,Grocery & Gourmet Food > Snack Foods > Dried Fruit & Raisins
95,407,"made in nature, organic dried fruit, cranberries, 5 oz (142 g)",Grocery & Gourmet Food > Snack Foods > Dried Fruit & Raisins
96,407,"earth circle organics, goji berries, raw & organic, 16 oz (454 g)",Grocery & Gourmet Food > Snack Foods > Dried Fruit & Raisins
97,407,"navitas naturals, goji berries, sun-dried, 16 oz (454 g)",Grocery & Gourmet Food > Snack Foods > Dried Fruit & Raisins
98,407,"sun maid washington apples, 5-ounce pouches (pack of 5)",Grocery & Gourmet Food > Snack Foods > Dried Fruit & Raisins
99,407,"navitas naturals organic goji berries, 16-ounce pouches",Grocery & Gourmet Food > Snack Foods > Dried Fruit & Raisins
100,407,"truvibe 100% organic raw goji berries, 1lb (16 ounce)",Grocery & Gourmet Food > Snack Foods > Dried Fruit & Raisins
101,407,sincerely nuts dried mango 1 lb,Grocery & Gourmet Food > Snack Foods > Dried Fruit & Raisins
102,407,"made in nature organic calimyrna figs - golden delicious, unsulfured sun-dried figs - 2 bags, 40 ounces each",Grocery & Gourmet Food > Snack Foods > Dried Fruit & Raisins
103,407,"Bob's Red Mill Sun-Dried Raisins Unsulphured, 16-Ounce (Pack of 4)",Grocery & Gourmet Food > Snack Foods > Dried Fruit & Raisins
104,407,"navitas naturals organic goji berries, 1 pound pouches grocery",Grocery & Gourmet Food > Snack Foods > Dried Fruit & Raisins
105,407,newman's own organics california prunes 6-ounce pouches (pack of 12),Grocery & Gourmet Food > Snack Foods > Dried Fruit & Raisins
106,407,Sincerely Nuts Dried Mango 5 Lb,Grocery & Gourmet Food > Snack Foods > Dried Fruit & Raisins
107,407,"Made in Nature Organic Sun-Dried Deglet Noor Dates, Pitted, 28 Ounce",Grocery & Gourmet Food > Snack Foods > Dried Fruit & Raisins
108,407,"mariani premium dried ultimate apricots, 48 ounce",Grocery & Gourmet Food > Snack Foods > Dried Fruit & Raisins
109,407,"healthworks certified organic goji berries, 1 lb",Grocery & Gourmet Food > Snack Foods > Dried Fruit & Raisins
110,407,trader joe's freeze dried strawberries unsweetened & unsulfured 1.2oz,Grocery & Gourmet Food > Snack Foods > Dried Fruit & Raisins
111,407,"Anna and Sarah Organic Medjool Dates in Resealable Bag, 3 Lbs",Grocery & Gourmet Food > Snack Foods > Dried Fruit & Raisins
112,407,"Dried Goji Berries, Cherries, Blueberries, Cranberries & Raisins Fruit Mix by Gerbs - 4 LBS - Unsulfured - Top 11 Allergen Free & NON GMO",Grocery & Gourmet Food > Snack Foods > Dried Fruit & Raisins
113,407,"navitas naturals organic goji berries, 4-ounce",Grocery & Gourmet Food > Snack Foods > Dried Fruit & Raisins
114,407,"signature's dried plums pitted prunes, 3.5 pounds",Grocery & Gourmet Food > Snack Foods > Dried Fruit & Raisins
115,407,mariani sun ripened mixed fruit no sugar added dried fruit 36 ounce value bag,Grocery & Gourmet Food > Snack Foods > Dried Fruit & Raisins
116,407,"great value: dried cherries, 5 oz",Grocery & Gourmet Food > Snack Foods > Dried Fruit & Raisins
117,407,eden foods organic dried wild blueberries -- 4 oz,Grocery & Gourmet Food > Snack Foods > Dried Fruit & Raisins
118,407,freshdirect medjool dates - (container),Grocery & Gourmet Food > Snack Foods > Dried Fruit & Raisins
119,407,sunsweet california prunes (dried plums) pitted 16 oz can,Grocery & Gourmet Food > Snack Foods > Dried Fruit & Raisins
120,407,sun-maid mixed fruit dried 7 oz bag,Grocery & Gourmet Food > Snack Foods > Dried Fruit & Raisins
121,407,"meijer california sun-dried raisins, 15 oz",Grocery & Gourmet Food > Snack Foods > Dried Fruit & Raisins
122,407,"sun maid raisins, 20 oz",Grocery & Gourmet Food > Snack Foods > Dried Fruit & Raisins
123,407,meijer premium dried cranberries 10 oz.,Grocery & Gourmet Food > Snack Foods > Dried Fruit & Raisins
124,407,"sun maid sun-maid california golden raisins, 15 oz",Grocery & Gourmet Food > Snack Foods > Dried Fruit & Raisins
125,407,"sun maid sun maid natural california raisins, 12 ounce",Grocery & Gourmet Food > Snack Foods > Dried Fruit & Raisins
126,407,"great value dried apricots, 6 oz",Grocery & Gourmet Food > Snack Foods > Dried Fruit & Raisins
127,407,"organic desert valley deglet noor dates, 32 ounces",Grocery & Gourmet Food > Snack Foods > Dried Fruit & Raisins
128,407,newman's own organics prunes - 12 oz pouch,Grocery & Gourmet Food > Snack Foods > Dried Fruit & Raisins
129,407,nature's all foods organic dried bananas - 2.5 oz pouch,Grocery & Gourmet Food > Snack Foods > Dried Fruit & Raisins
130,407,sun-maid vanilla yogurt raisins halloween mini-snacks 10 ct,Grocery & Gourmet Food > Snack Foods > Dried Fruit & Raisins
131,407,kirkland signature dried cherries 20 ounces,Grocery & Gourmet Food > Snack Foods > Dried Fruit & Raisins
132,407,mariani dried wild blueberries,Grocery & Gourmet Food > Snack Foods > Dried Fruit & Raisins
133,407,"woodstock farms black mission dried figs, 10 oz",Grocery & Gourmet Food > Snack Foods > Dried Fruit & Raisins
134,407,"newman's own organic california raisins, 6 count",Grocery & Gourmet Food > Snack Foods > Dried Fruit & Raisins
135,407,ocean spray craisins - original - 6.00 oz,Grocery & Gourmet Food > Snack Foods > Dried Fruit & Raisins
136,407,mariani dates - pitted 10.0 oz,Grocery & Gourmet Food > Snack Foods > Dried Fruit & Raisins
137,407,craisins dried cranberries - 5.00 oz,Grocery & Gourmet Food > Snack Foods > Dried Fruit & Raisins
138,407,shoprite yogurt - cherry - 6.00 oz,Grocery & Gourmet Food > Snack Foods > Dried Fruit & Raisins
139,407,sun-maid raisins - 6 pack - 6.00 oz,Grocery & Gourmet Food > Snack Foods > Dried Fruit & Raisins
140,407,ocean spray craisins - pomegranate - 5.00 oz,Grocery & Gourmet Food > Snack Foods > Dried Fruit & Raisins
141,407,sunsweet prunes - bite size pit - 9.00 oz,Grocery & Gourmet Food > Snack Foods > Dried Fruit & Raisins
142,407,organic dried banana,Grocery & Gourmet Food > Snack Foods > Dried Fruit & Raisins
143,407,"sunfood, sun-dried goji berries, 8 oz (227 g)",Grocery & Gourmet Food > Snack Foods > Dried Fruit & Raisins
144,407,"Dried Mango, Pineapple, Papaya Fruit Mix by Gerbs - 2 LBS, No Sugar Added/Unsulfured - Top 11 Allergen Free & NON GMO",Grocery & Gourmet Food > Snack Foods > Dried Fruit & Raisins
145,407,"ocean spray craisins, dried",Grocery & Gourmet Food > Snack Foods > Dried Fruit & Raisins
146,407,ocean spray craisins-64 oz,Grocery & Gourmet Food > Snack Foods > Dried Fruit & Raisins
147,407,"Newman's Own Organics California Prunes, 12-Ounce Pouches (Pack of 3)",Grocery & Gourmet Food > Snack Foods > Dried Fruit & Raisins
148,407,Anna and Sarah Organic Medjool Dates 3 Lbs,Grocery & Gourmet Food > Snack Foods > Dried Fruit & Raisins
149,407,4 lbs organic (usda certified) sun dried california raisins by sunmaid 2 x 2lbs resealable bags,Grocery & Gourmet Food > Snack Foods > Dried Fruit & Raisins
150,407,"just tomatoes organic just blueberries, 2 ounce pouch",Grocery & Gourmet Food > Snack Foods > Dried Fruit & Raisins
151,407,"Ocean Spray Craisins, Dried Cranberries, 10 Ounce",Grocery & Gourmet Food > Snack Foods > Dried Fruit & Raisins
152,407,philippine brand dried,Grocery & Gourmet Food > Snack Foods > Dried Fruit & Raisins
153,407,unsweetened montmorency dried cherries - 4 pound bag - shipping included,Grocery & Gourmet Food > Snack Foods > Dried Fruit & Raisins
154,407,healthyway super grade organic goji berries 2 lbs wolfberry,Grocery & Gourmet Food > Snack Foods > Dried Fruit & Raisins
155,407,2 bags sun maid raisins vanilla yogurt raisins 10 mini packs,Grocery & Gourmet Food > Snack Foods > Dried Fruit & Raisins
156,407,"Anthony's Organic White Mulberries, Sun Dried (2lb)",Grocery & Gourmet Food > Snack Foods > Dried Fruit & Raisins
157,407,"sun-maid raisins, 20 oz",Grocery & Gourmet Food > Snack Foods > Dried Fruit & Raisins
158,407,Anna and Sarah Organic Medjool Dates 2 Lbs,Grocery & Gourmet Food > Snack Foods > Dried Fruit & Raisins
159,407,"just tomatoes organic just strawberries, 4 ounce pouch",Grocery & Gourmet Food > Snack Foods > Dried Fruit & Raisins
160,407,sincerely nuts pitted dates 2 lb,Grocery & Gourmet Food > Snack Foods > Dried Fruit & Raisins
161,407,Sincerely Nuts Dried Turkish Apricots - Five (5) Lb. Bag - Divinely Delicious - Fantastically Fresh - Bursting with Healthy Nutrients - Kosher Certified,Grocery & Gourmet Food > Snack Foods > Dried Fruit & Raisins
162,407,"2 lbs dried mango slices, organic",Grocery & Gourmet Food > Snack Foods > Dried Fruit & Raisins
163,407,"philippine dried mango, 20 oz",Grocery & Gourmet Food > Snack Foods > Dried Fruit & Raisins
164,407,red li hing mui (plum) 10 oz bag,Grocery & Gourmet Food > Snack Foods > Dried Fruit & Raisins
165,407,"great value california raisins, 12 oz",Grocery & Gourmet Food > Snack Foods > Dried Fruit & Raisins
166,407,sunmaid natural california raisins 20 oz,Grocery & Gourmet Food > Snack Foods > Dried Fruit & Raisins
167,407,"mariani premium dried cherries, 5 oz",Grocery & Gourmet Food > Snack Foods > Dried Fruit & Raisins
168,407,"craisins original dried cranberries, 24 oz",Grocery & Gourmet Food > Snack Foods > Dried Fruit & Raisins
169,407,navitas naturals organic sun-dried goji berries -- 16 oz,Grocery & Gourmet Food > Snack Foods > Dried Fruit & Raisins
170,407,"freshdirect dried turkish apricots, resealable bag - (resealable bag)",Grocery & Gourmet Food > Snack Foods > Dried Fruit & Raisins
171,407,just freshdirect dried turkish figs - (12oz),Grocery & Gourmet Food > Snack Foods > Dried Fruit & Raisins
172,407,dried apricots (10 oz container),Grocery & Gourmet Food > Snack Foods > Dried Fruit & Raisins
173,407,ocean spray craisins cranberries cherry juice infused dried 5 oz bag,Grocery & Gourmet Food > Snack Foods > Dried Fruit & Raisins
174,407,sunsweet plum amazins plums diced dried 7 oz bag,Grocery & Gourmet Food > Snack Foods > Dried Fruit & Raisins
175,407,ocean spray craisins cranberries greek yogurt covered dried 8 oz bag,Grocery & Gourmet Food > Snack Foods > Dried Fruit & Raisins
176,407,sun-maid fruit tropical dreams tropical trio 7 oz bag,Grocery & Gourmet Food > Snack Foods > Dried Fruit & Raisins
177,407,sun-maid raisins yogurt vanilla - 8 oz,Grocery & Gourmet Food > Snack Foods > Dried Fruit & Raisins
178,407,nectarines,Grocery & Gourmet Food > Snack Foods > Dried Fruit & Raisins
179,407,"craisins original dried cranberries, 5 oz",Grocery & Gourmet Food > Snack Foods > Dried Fruit & Raisins
180,407,"organic ocean spray craisins, 24-ounces",Grocery & Gourmet Food > Snack Foods > Dried Fruit & Raisins
181,407,sun-maid natural california raisins 6 pk,Grocery & Gourmet Food > Snack Foods > Dried Fruit & Raisins
182,407,"organic sun maid raisins, 2-pack, 32-ounces",Grocery & Gourmet Food > Snack Foods > Dried Fruit & Raisins
183,407,"newman's own organics raisins, california - 6 pack, 1.5 oz boxes",Grocery & Gourmet Food > Snack Foods > Dried Fruit & Raisins
184,407,nature's all foods organic freeze dried blueberries - 1.2 oz bag,Grocery & Gourmet Food > Snack Foods > Dried Fruit & Raisins
185,407,sun maid california golden raisins,Grocery & Gourmet Food > Snack Foods > Dried Fruit & Raisins
186,407,natural california raisins mini snacks,Grocery & Gourmet Food > Snack Foods > Dried Fruit & Raisins
187,407,"sprouts, thompson seedless raisins, 1 pound",Grocery & Gourmet Food > Snack Foods > Dried Fruit & Raisins
188,407,"bulk organic, thompson raisins, 0.5 lb",Grocery & Gourmet Food > Snack Foods > Dried Fruit & Raisins
189,407,navitas naturals dried yacon slices,Grocery & Gourmet Food > Snack Foods > Dried Fruit & Raisins
190,407,sunsweet dried cherries sweet a - 5.00 oz,Grocery & Gourmet Food > Snack Foods > Dried Fruit & Raisins
191,407,sun-maid yogurt raisins - vanil - 6.00 oz,Grocery & Gourmet Food > Snack Foods > Dried Fruit & Raisins
192,407,sunsweet mango - philippine gro - 5.00 oz,Grocery & Gourmet Food > Snack Foods > Dried Fruit & Raisins
193,407,goldenberries,Grocery & Gourmet Food > Snack Foods > Dried Fruit & Raisins
194,407,organic dried cranberries,Grocery & Gourmet Food > Snack Foods > Dried Fruit & Raisins
195,407,zante pizza,Grocery & Gourmet Food > Snack Foods > Dried Fruit & Raisins
196,407,schnitz,Grocery & Gourmet Food > Snack Foods > Dried Fruit & Raisins
197,407,"navitas naturals, organic, mulberry berries, sun-dried white mulberries, 8 oz (227 g)",Grocery & Gourmet Food > Snack Foods > Dried Fruit & Raisins
198,407,"just tomatoes organic just raspberries, 1.5 ounce pouch",Grocery & Gourmet Food > Snack Foods > Dried Fruit & Raisins
199,407,"Newman's Own Organics California Raisins, 1.5-Ounce Boxes (Pack of 72)",Grocery & Gourmet Food > Snack Foods > Dried Fruit & Raisins
200,407,sincerely nuts dried apple rings 1lb bag,Grocery & Gourmet Food > Snack Foods > Dried Fruit & Raisins
201,407,"mulberries, dried - 5 lb",Grocery & Gourmet Food > Snack Foods > Dried Fruit & Raisins
202,407,"Mariani Organic Sun Dried Calimyrna Figs, 36 Ounce",Grocery & Gourmet Food > Snack Foods > Dried Fruit & Raisins
203,407,"healthworks certified organic goji berries, 2 lbs",Grocery & Gourmet Food > Snack Foods > Dried Fruit & Raisins
204,407,organic mulberries - amazon exclusive - reduce sugar absorption - naturally low in sugar,Grocery & Gourmet Food > Snack Foods > Dried Fruit & Raisins
205,407,"ocean spray reduced sugar craisins, dried cranberries, 5 ounce (pack of 12)",Grocery & Gourmet Food > Snack Foods > Dried Fruit & Raisins
206,407,sincerely nuts organic medjool dates 5 lb,Grocery & Gourmet Food > Snack Foods > Dried Fruit & Raisins
207,407,"Indus Organic Turkish Jumbo Dried Figs, 5 Lb, Sulfite Free, No Added Sugar, Freshly Packed, Premium Grade",Grocery & Gourmet Food > Snack Foods > Dried Fruit & Raisins
208,407,"Indus Organic 100% Dried Mango Slices 1 Lb, Raw, Sulfite Free, No Added Sugar, Freshly Packed",Grocery & Gourmet Food > Snack Foods > Dried Fruit & Raisins
209,407,sincerely nuts dried apple rings 3lb bag,Grocery & Gourmet Food > Snack Foods > Dried Fruit & Raisins
210,407,Made in Nature Organic and Unsulfured Tree Ripened Dried Apricots in Resealable,Grocery & Gourmet Food > Snack Foods > Dried Fruit & Raisins
211,407,"dried pitted dates, 3 lb",Grocery & Gourmet Food > Snack Foods > Dried Fruit & Raisins
212,407,"sun maid california organic raisins, 6 ounce (pack of 12)",Grocery & Gourmet Food > Snack Foods > Dried Fruit & Raisins
213,407,"traverse bay fruit co. dried cherries, 4-pound box",Grocery & Gourmet Food > Snack Foods > Dried Fruit & Raisins
214,407,"indus organic turkish figs 5 lb, sulfite free, no added sugar, freshly packed",Grocery & Gourmet Food > Snack Foods > Dried Fruit & Raisins
215,407,"mother earth products freeze dried blueberries, 1 full quart",Grocery & Gourmet Food > Snack Foods > Dried Fruit & Raisins
216,407,"medjool dates, approx. 1lb",Grocery & Gourmet Food > Snack Foods > Dried Fruit & Raisins
217,407,"sun maid organic raisins-32 oz, 2 ct",Grocery & Gourmet Food > Snack Foods > Dried Fruit & Raisins
218,407,jumbo medjool dates,Grocery & Gourmet Food > Snack Foods > Dried Fruit & Raisins
219,407,"sun maid california pitted prunes, 16-ounce canisters (pack of 4)",Grocery & Gourmet Food > Snack Foods > Dried Fruit & Raisins
220,407,mariani premium dried ultimate apricots 48 oz resealable value bag,Grocery & Gourmet Food > Snack Foods > Dried Fruit & Raisins
221,407,sincerely nuts dried mango 2 lb,Grocery & Gourmet Food > Snack Foods > Dried Fruit & Raisins
222,407,ocean spray 10-oz. craisins,Grocery & Gourmet Food > Snack Foods > Dried Fruit & Raisins
223,407,sun maid raisins mini boxes - 6 oz - 12 ct,Grocery & Gourmet Food > Snack Foods > Dried Fruit & Raisins
224,407,nature's all foods organic freeze dried strawberry-1.2 oz,Grocery & Gourmet Food > Snack Foods > Dried Fruit & Raisins
225,407,navitas naturals organic sun-dried goji berries -- 4 oz,Grocery & Gourmet Food > Snack Foods > Dried Fruit & Raisins
226,407,sun-dried white mulberries 8 oz pkg,Grocery & Gourmet Food > Snack Foods > Dried Fruit & Raisins
227,407,"ocean spray craisins dried cranberries, original - (10oz)",Grocery & Gourmet Food > Snack Foods > Dried Fruit & Raisins
228,407,nature's promise organics california raisins - 6 ct 6 oz pkg,Grocery & Gourmet Food > Snack Foods > Dried Fruit & Raisins
229,407,sunsweet plum amazins plums dried diced 7 oz ctn,Grocery & Gourmet Food > Snack Foods > Dried Fruit & Raisins
230,407,joseph xavier fine foods turkish apricots dried 12 oz tub,Grocery & Gourmet Food > Snack Foods > Dried Fruit & Raisins
231,407,sunsweet orange essence pitted dried plums - 6 oz,Grocery & Gourmet Food > Snack Foods > Dried Fruit & Raisins
232,407,o organics organic raisins carton - 6-1 oz,Grocery & Gourmet Food > Snack Foods > Dried Fruit & Raisins
233,407,ocean spray craisins snack pack - 6-1 oz,Grocery & Gourmet Food > Snack Foods > Dried Fruit & Raisins
234,407,sun maid raisin minis vanilla yogurt - 10-.5 oz,Grocery & Gourmet Food > Snack Foods > Dried Fruit & Raisins
235,407,sun-maid raisins snack packs - 6-1 oz,Grocery & Gourmet Food > Snack Foods > Dried Fruit & Raisins
236,407,sun-maid zante currants prepacked - 10 oz,Grocery & Gourmet Food > Snack Foods > Dried Fruit & Raisins
237,407,"sun maid sun maid vanilla yogurt raisins, 5 ounce",Grocery & Gourmet Food > Snack Foods > Dried Fruit & Raisins
238,407,"sun maid sun-maid raisins, 36 oz, 2 ct",Grocery & Gourmet Food > Snack Foods > Dried Fruit & Raisins
239,407,"sun-maid organic raisins, 1 oz, 6 ct",Grocery & Gourmet Food > Snack Foods > Dried Fruit & Raisins
240,407,"365 organic raisins - 6 pack, 1.5 oz box",Grocery & Gourmet Food > Snack Foods > Dried Fruit & Raisins
241,407,newman's own organics dried apricots - 6 oz bag,Grocery & Gourmet Food > Snack Foods > Dried Fruit & Raisins
242,407,ocean spray craisins 64 oz - sale price limit 2,Grocery & Gourmet Food > Snack Foods > Dried Fruit & Raisins
243,407,"sun-maid natural california raisins - 6 pack, 1.5 oz boxes",Grocery & Gourmet Food > Snack Foods > Dried Fruit & Raisins
244,407,mediterranean apricots,Grocery & Gourmet Food > Snack Foods > Dried Fruit & Raisins
245,407,newman's own organic california raisins,Grocery & Gourmet Food > Snack Foods > Dried Fruit & Raisins
246,407,ocean spray original dried cranberries craisins,Grocery & Gourmet Food > Snack Foods > Dried Fruit & Raisins
247,407,"sprouts, yogurt raisins, 1 pound",Grocery & Gourmet Food > Snack Foods > Dried Fruit & Raisins
248,407,sun-maid raisins,Grocery & Gourmet Food > Snack Foods > Dried Fruit & Raisins
249,407,ocean spray craisins - cherry juic - 10.00 oz,Grocery & Gourmet Food > Snack Foods > Dried Fruit & Raisins
250,407,shoprite california seedless ra - 24.00 oz,Grocery & Gourmet Food > Snack Foods > Dried Fruit & Raisins
251,407,navitas naturals goldenberries,Grocery & Gourmet Food > Snack Foods > Dried Fruit & Raisins
252,407,organic traditions dried apricots,Grocery & Gourmet Food > Snack Foods > Dried Fruit & Raisins
253,407,sincerely nuts dried,Grocery & Gourmet Food > Snack Foods > Dried Fruit & Raisins
254,407,"signature dried blueberries, 20 ounce",Grocery & Gourmet Food > Snack Foods > Dried Fruit & Raisins
255,407,"philippine brand dried mangoes, 20 ounce",Grocery & Gourmet Food > Snack Foods > Dried Fruit & Raisins
256,407,sunsweet orange essence pitted prunes 7 oz (pack of 3),Grocery & Gourmet Food > Snack Foods > Dried Fruit & Raisins
257,407,bob's red mill dried blueberries -- 8 oz,Grocery & Gourmet Food > Snack Foods > Dried Fruit & Raisins
258,407,traverse bay fruit co,Grocery & Gourmet Food > Snack Foods > Dried Fruit & Raisins
259,407,made in nature organic and unsulfured tree ripened dried apricots in resealable bag 3 lbs or 48 oz,Grocery & Gourmet Food > Snack Foods > Dried Fruit & Raisins
260,407,signature's dried plums,Grocery & Gourmet Food > Snack Foods > Dried Fruit & Raisins
261,407,"traverse bay fruit co. dried blueberries, 4 pound",Grocery & Gourmet Food > Snack Foods > Dried Fruit & Raisins
262,407,"indus organic turkish jumbo dried apricots, 1 lb, sulfite free, no added sugar, freshly packed, premium grade",Grocery & Gourmet Food > Snack Foods > Dried Fruit & Raisins
263,407,jumbo medjool dates (1,Grocery & Gourmet Food > Snack Foods > Dried Fruit & Raisins
264,407,"zante currants, 8 oz.",Grocery & Gourmet Food > Snack Foods > Dried Fruit & Raisins
265,407,"navitas naturals organic mulberries, 32-ounce pouch",Grocery & Gourmet Food > Snack Foods > Dried Fruit & Raisins
266,407,"dried pitted dates, 5lb",Grocery & Gourmet Food > Snack Foods > Dried Fruit & Raisins
267,407,made in nature 100% organic usda dried & unsulfured mangos ~ 28 ounces (794g),Grocery & Gourmet Food > Snack Foods > Dried Fruit & Raisins
268,407,"great value california raisins, 20 oz",Grocery & Gourmet Food > Snack Foods > Dried Fruit & Raisins
269,407,nature's all foods organic freeze dried fruit - strawberry - 1.2 oz,Grocery & Gourmet Food > Snack Foods > Dried Fruit & Raisins
270,407,navitas naturals sun-dried goji berries -- 16 oz,Grocery & Gourmet Food > Snack Foods > Dried Fruit & Raisins
271,407,tree of life organic medjool dates -- 8 oz,Grocery & Gourmet Food > Snack Foods > Dried Fruit & Raisins
272,407,craisins,Grocery & Gourmet Food > Snack Foods > Dried Fruit & Raisins
273,407,dried peaches,Grocery & Gourmet Food > Snack Foods > Dried Fruit & Raisins
274,407,sunsweet california prunes (dried plums) orange essence pitted 7 oz bag,Grocery & Gourmet Food > Snack Foods > Dried Fruit & Raisins
275,407,ocean spray cherry craisins - 10 oz,Grocery & Gourmet Food > Snack Foods > Dried Fruit & Raisins
276,407,sun maid raisin zip bag - 10 oz,Grocery & Gourmet Food > Snack Foods > Dried Fruit & Raisins
277,407,"sun-maid snack size vanilla yogurt raisins, 6pk",Grocery & Gourmet Food > Snack Foods > Dried Fruit & Raisins
278,407,"ocean spray craisins pomegranate cranberry, 48-ounces",Grocery & Gourmet Food > Snack Foods > Dried Fruit & Raisins
279,407,"sun-maid natural california raisins, mini-snacks - 12 boxes, 6 oz bag",Grocery & Gourmet Food > Snack Foods > Dried Fruit & Raisins
280,407,"philippine dried mangos, 30-ounces",Grocery & Gourmet Food > Snack Foods > Dried Fruit & Raisins
281,407,sun-maid vanilla yogurt raisins halloween mini-snacks 10 pk,Grocery & Gourmet Food > Snack Foods > Dried Fruit & Raisins
282,407,sun-maid natural california raisins - 10 oz pouch,Grocery & Gourmet Food > Snack Foods > Dried Fruit & Raisins
283,407,ocean spray craisins dried cranberries,Grocery & Gourmet Food > Snack Foods > Dried Fruit & Raisins
284,407,sunsweet ones super select california prunes,Grocery & Gourmet Food > Snack Foods > Dried Fruit & Raisins
285,407,ocean spray reduced sugar craisins,Grocery & Gourmet Food > Snack Foods > Dried Fruit & Raisins
286,407,ocean spray reduced sugar craisins dried cranberries 5 oz,Grocery & Gourmet Food > Snack Foods > Dried Fruit & Raisins
287,407,"bulk, sweetened dried cranberries, 0.5 lb",Grocery & Gourmet Food > Snack Foods > Dried Fruit & Raisins
288,407,ocean spray craisins - original - 5.00 oz,Grocery & Gourmet Food > Snack Foods > Dried Fruit & Raisins
289,407,ocean spray craisins - pomegrante - 6.00 oz,Grocery & Gourmet Food > Snack Foods > Dried Fruit & Raisins
290,407,sunsweet pitted prunes - 8.00 oz,Grocery & Gourmet Food > Snack Foods > Dried Fruit & Raisins
291,407,sun-maid natural california rai - 10.00 oz,Grocery & Gourmet Food > Snack Foods > Dried Fruit & Raisins
292,407,thrive market organic medjool dates,Grocery & Gourmet Food > Snack Foods > Dried Fruit & Raisins
293,407,organic white mulberries,Grocery & Gourmet Food > Snack Foods > Dried Fruit & Raisins
294,407,"made in nature, organic raisins, 6 oz (170 g)",Grocery & Gourmet Food > Snack Foods > Dried Fruit & Raisins
295,407,sun maid organic raisins,Grocery & Gourmet Food > Snack Foods > Dried Fruit & Raisins
296,407,"ocean spray craisins dried cranberries, original, 5-ounce pouches (pack of 12)",Grocery & Gourmet Food > Snack Foods > Dried Fruit & Raisins
297,407,"Anna and Sarah Dried Black Mission Figs in Resealable Bag, 3 Lbs",Grocery & Gourmet Food > Snack Foods > Dried Fruit & Raisins
298,407,Sincerely Nuts Turkish Figs 5 LB,Grocery & Gourmet Food > Snack Foods > Dried Fruit & Raisins
299,407,"sun maid pitted dates, 8-ounce pouches (pack of 5)",Grocery & Gourmet Food > Snack Foods > Dried Fruit & Raisins
300,407,sincerely nuts® medjool dates 2 lb,Grocery & Gourmet Food > Snack Foods > Dried Fruit & Raisins
301,407,sunsweet pitted prunes,Grocery & Gourmet Food > Snack Foods > Dried Fruit & Raisins
302,407,sun maid natural california,Grocery & Gourmet Food > Snack Foods > Dried Fruit & Raisins
303,407,"nature's all foods freeze-dried blueberries, 1.2 ounce",Grocery & Gourmet Food > Snack Foods > Dried Fruit & Raisins
304,407,"Anna and Sarah Dried Turkish Apricots in Resealable Bag, 3 Lbs",Grocery & Gourmet Food > Snack Foods > Dried Fruit & Raisins
305,407,"sun maid california raisins mini snacks bags, 6 ounce (pack of 18)",Grocery & Gourmet Food > Snack Foods > Dried Fruit & Raisins
306,407,Sincerely Nuts Dried Persimmon Slices 3 LB,Grocery & Gourmet Food > Snack Foods > Dried Fruit & Raisins
307,407,sunmaid snack size vanilla yogurt raisins 6pk,Grocery & Gourmet Food > Snack Foods > Dried Fruit & Raisins
308,407,"great value dried blueberries, 3.5 oz",Grocery & Gourmet Food > Snack Foods > Dried Fruit & Raisins
309,407,kirkland signature™ whole dried blueberries 20 oz bag 2-pack,Grocery & Gourmet Food > Snack Foods > Dried Fruit & Raisins
310,407,newman's own organics california prunes -- 12 oz,Grocery & Gourmet Food > Snack Foods > Dried Fruit & Raisins
311,407,newman's own organics dried fruit apricots -- 6 oz,Grocery & Gourmet Food > Snack Foods > Dried Fruit & Raisins
312,407,graceland fruit dried blueberries -- 5 oz,Grocery & Gourmet Food > Snack Foods > Dried Fruit & Raisins
313,407,"freshdirect dried organic turkish apricots, container - (container)",Grocery & Gourmet Food > Snack Foods > Dried Fruit & Raisins
314,407,made in nature apricots dried & unsulfured organic 6 oz pkg,Grocery & Gourmet Food > Snack Foods > Dried Fruit & Raisins
315,407,sunsweet amazin prunes (dried plums) pitted bite size 8 oz bag,Grocery & Gourmet Food > Snack Foods > Dried Fruit & Raisins
316,407,sunsweet mediterranean apricots dried 6 oz bag,Grocery & Gourmet Food > Snack Foods > Dried Fruit & Raisins
317,407,sun-maid raisins zip bag - 10 oz,Grocery & Gourmet Food > Snack Foods > Dried Fruit & Raisins
318,407,"sun maid sun maid organic raisins, 2 lbs, 2 ct",Grocery & Gourmet Food > Snack Foods > Dried Fruit & Raisins
319,407,"sun-maid natural california raisins, 32 oz",Grocery & Gourmet Food > Snack Foods > Dried Fruit & Raisins
320,407,sunsweet pitted dates - 8 oz bag,Grocery & Gourmet Food > Snack Foods > Dried Fruit & Raisins
321,407,365 organic dried mango - 8 oz bag,Grocery & Gourmet Food > Snack Foods > Dried Fruit & Raisins
322,407,365 organic thompson raisins - 8 oz bag,Grocery & Gourmet Food > Snack Foods > Dried Fruit & Raisins
323,407,sun-maid natural california raisins,Grocery & Gourmet Food > Snack Foods > Dried Fruit & Raisins
324,407,365 organic raisins - 15 oz pouch,Grocery & Gourmet Food > Snack Foods > Dried Fruit & Raisins
325,407,newman's own organics raisins - 6 oz bag,Grocery & Gourmet Food > Snack Foods > Dried Fruit & Raisins
326,407,sunsweet d'noir prunes dried pitted plums 9 oz,Grocery & Gourmet Food > Snack Foods > Dried Fruit & Raisins
327,407,sunsweet philippine grown mangos,Grocery & Gourmet Food > Snack Foods > Dried Fruit & Raisins
328,407,sun maid vanilla yogurt covered raisins,Grocery & Gourmet Food > Snack Foods > Dried Fruit & Raisins
329,407,sun-maid mini snack raisins,Grocery & Gourmet Food > Snack Foods > Dried Fruit & Raisins
330,407,"sun-maid raisins box, 12 oz",Grocery & Gourmet Food > Snack Foods > Dried Fruit & Raisins
331,407,ocean spray craisins - original - 10.00 oz,Grocery & Gourmet Food > Snack Foods > Dried Fruit & Raisins
332,407,mariani premium raisins - vani - 8.00 oz,Grocery & Gourmet Food > Snack Foods > Dried Fruit & Raisins
333,407,nature`s all foods organic freeze dried banana,Grocery & Gourmet Food > Snack Foods > Dried Fruit & Raisins
334,407,nature`s all foods organic freeze dried tropical fruits,Grocery & Gourmet Food > Snack Foods > Dried Fruit & Raisins
335,407,organic thompson raisins,Grocery & Gourmet Food > Snack Foods > Dried Fruit & Raisins
336,407,"navitas naturals, organic, goji berries, sun-dried, 16 oz (454 g)",Grocery & Gourmet Food > Snack Foods > Dried Fruit & Raisins
337,407,"eden foods, organic dried cranberries, 4 oz (113 g)",Grocery & Gourmet Food > Snack Foods > Dried Fruit & Raisins
338,407,"stoneridge orchards, montmorency cherries, whole dried tart cherries, 1 oz (28 g)",Grocery & Gourmet Food > Snack Foods > Dried Fruit & Raisins
339,407,"newman's own organics california prunes, 12-ounce pouches (pack of 6)",Grocery & Gourmet Food > Snack Foods > Dried Fruit & Raisins
340,407,"Sun Dried Jumbo Fig From Turkey Selection Sulfite Free, No Added Sugar, Freshly Packed, Premium Grade (1 Lb)",Grocery & Gourmet Food > Snack Foods > Dried Fruit & Raisins
341,407,"dole raisins, 12 ounce pouches",Grocery & Gourmet Food > Snack Foods > Dried Fruit & Raisins
342,407,sincerely nuts® medjool dates 1 lb,Grocery & Gourmet Food > Snack Foods > Dried Fruit & Raisins
343,407,Trader Joe's Freeze Dried Bananas (2 Pack),Grocery & Gourmet Food > Snack Foods > Dried Fruit & Raisins
344,407,strawberries - 1 lb bag / box each(dried),Grocery & Gourmet Food > Snack Foods > Dried Fruit & Raisins
345,407,jade brand red li hing mui dried plums 6.5 ounces made in hawaii,Grocery & Gourmet Food > Snack Foods > Dried Fruit & Raisins
346,407,"Ocean Spray Reduced Sugar Craisins Dried Cranberries, 32 Ounce",Grocery & Gourmet Food > Snack Foods > Dried Fruit & Raisins
347,407,"2 Lbs Medjool Dates, Organic - Sincerely Nuts",Grocery & Gourmet Food > Snack Foods > Dried Fruit & Raisins
348,407,no sugar added dried tart montmorency cherries 1 lb.,Grocery & Gourmet Food > Snack Foods > Dried Fruit & Raisins
349,407,"sun maid california zante currants, 10-ounce boxes (pack of 6)",Grocery & Gourmet Food > Snack Foods > Dried Fruit & Raisins
350,407,sunmaid california golden raisins 15 oz,Grocery & Gourmet Food > Snack Foods > Dried Fruit & Raisins
351,407,"sunsweet pitted prunes, 18 oz",Grocery & Gourmet Food > Snack Foods > Dried Fruit & Raisins
352,407,sunmaid natural california raisins minisnacks 12 count 6 oz,Grocery & Gourmet Food > Snack Foods > Dried Fruit & Raisins
353,407,"sun-maid natural california raisins mini-snacks, 12 ct, 6 oz",Grocery & Gourmet Food > Snack Foods > Dried Fruit & Raisins
354,407,navitas naturals organic goji berries -- 8 oz,Grocery & Gourmet Food > Snack Foods > Dried Fruit & Raisins
355,407,navitas naturals organic goji berries,Grocery & Gourmet Food > Snack Foods > Dried Fruit & Raisins
356,407,just freshdirect dried apricots - (12oz),Grocery & Gourmet Food > Snack Foods > Dried Fruit & Raisins
357,407,sunsweet pitted prunes - (8oz),Grocery & Gourmet Food > Snack Foods > Dried Fruit & Raisins
358,407,"freshdirect dried turkish apricots, container - (container)",Grocery & Gourmet Food > Snack Foods > Dried Fruit & Raisins
359,407,sun-maid raisins - (12oz box),Grocery & Gourmet Food > Snack Foods > Dried Fruit & Raisins
360,407,"freshdirect medjool dates - (8oz, container)",Grocery & Gourmet Food > Snack Foods > Dried Fruit & Raisins
361,407,mariani pitted dried prunes (40 oz.),Grocery & Gourmet Food > Snack Foods > Dried Fruit & Raisins
362,407,giant california raisins 100% natural 20 oz box,Grocery & Gourmet Food > Snack Foods > Dried Fruit & Raisins
363,407,sun-maid apricots halves dried 6 oz bag,Grocery & Gourmet Food > Snack Foods > Dried Fruit & Raisins
364,407,ocean spray craisins cranberries pomegranate juice infused dried 6 oz bag,Grocery & Gourmet Food > Snack Foods > Dried Fruit & Raisins
365,407,sun-maid california raisins mini boxes natural - 12 ct 6 oz bag,Grocery & Gourmet Food > Snack Foods > Dried Fruit & Raisins
366,407,sun-maid california golden raisins - 6 pk 6 oz pkg,Grocery & Gourmet Food > Snack Foods > Dried Fruit & Raisins
367,407,sunsweet california prunes (dried plums) pitted bite size 9 oz bag,Grocery & Gourmet Food > Snack Foods > Dried Fruit & Raisins
368,407,mariani premium cherries 5 oz bag,Grocery & Gourmet Food > Snack Foods > Dried Fruit & Raisins
369,407,ocean spray craisins cranberries blueberry juice infused dried 5 oz bag,Grocery & Gourmet Food > Snack Foods > Dried Fruit & Raisins
370,407,o organics dried pineapple rings - 6 oz,Grocery & Gourmet Food > Snack Foods > Dried Fruit & Raisins
371,407,sun-maid raisins bag in a box - 12 oz,Grocery & Gourmet Food > Snack Foods > Dried Fruit & Raisins
372,407,"amport foods chopped dates, 8 oz",Grocery & Gourmet Food > Snack Foods > Dried Fruit & Raisins
373,407,"sun-maid natural california raisins - 6 pack, 1 oz boxes",Grocery & Gourmet Food > Snack Foods > Dried Fruit & Raisins
374,407,"organic sun maid raisins, 2-pack, ...",Grocery & Gourmet Food > Snack Foods > Dried Fruit & Raisins
375,407,sun-maid natural california raisins - 20 oz canister,Grocery & Gourmet Food > Snack Foods > Dried Fruit & Raisins
376,407,sun-maid natural california raisins 32 oz,Grocery & Gourmet Food > Snack Foods > Dried Fruit & Raisins
377,407,mariani california pitted prunes - 40 oz bag,Grocery & Gourmet Food > Snack Foods > Dried Fruit & Raisins
378,407,sun-maid natural california raisins 9 oz,Grocery & Gourmet Food > Snack Foods > Dried Fruit & Raisins
379,407,reduced sugar craisins,Grocery & Gourmet Food > Snack Foods > Dried Fruit & Raisins
380,407,raisins,Grocery & Gourmet Food > Snack Foods > Dried Fruit & Raisins
381,407,sun-maid golden raisins - 15.00 oz,Grocery & Gourmet Food > Snack Foods > Dried Fruit & Raisins
382,407,sun-maid vanilla yogurt raisins - 8.00 oz,Grocery & Gourmet Food > Snack Foods > Dried Fruit & Raisins
383,407,sunsweet pitted prunes - 16.00 oz,Grocery & Gourmet Food > Snack Foods > Dried Fruit & Raisins
384,407,nature's original sun dried apricots - 12.00 oz,Grocery & Gourmet Food > Snack Foods > Dried Fruit & Raisins
385,407,craisins dried cranberries - 10.00 oz,Grocery & Gourmet Food > Snack Foods > Dried Fruit & Raisins
386,407,valued naturals medjool dates - 8.00 oz,Grocery & Gourmet Food > Snack Foods > Dried Fruit & Raisins
387,407,sun-maid vanilla yogurt raisins - 5.00 oz,Grocery & Gourmet Food > Snack Foods > Dried Fruit & Raisins
388,407,sun-maid natural california rai - 9.00 oz,Grocery & Gourmet Food > Snack Foods > Dried Fruit & Raisins
389,407,earth circle organics tibetan plateau organic goji berries,Grocery & Gourmet Food > Snack Foods > Dried Fruit & Raisins
390,407,"stoneridge orchards, montmorency cherries, whole dried tart cherries, 5 oz (142 g)",Grocery & Gourmet Food > Snack Foods > Dried Fruit & Raisins
391,407,"bob's red mill, dried blueberries, 8 oz (226 g)",Grocery & Gourmet Food > Snack Foods > Dried Fruit & Raisins
392,407,sincerely nuts organic dried mango slices 1 lb,Grocery & Gourmet Food > Snack Foods > Dried Fruit & Raisins
393,407,"philippine brand dried mango, 20-ounce pouches (pack of 2)",Grocery & Gourmet Food > Snack Foods > Dried Fruit & Raisins
394,407,mariani pitted dates 100,Grocery & Gourmet Food > Snack Foods > Dried Fruit & Raisins
395,407,"Anna and Sarah Dried Black Mission Figs in Resealable Bag, 1 Lb",Grocery & Gourmet Food > Snack Foods > Dried Fruit & Raisins
396,407,"dried pitted dates, 5lb - sincerely nuts",Grocery & Gourmet Food > Snack Foods > Dried Fruit & Raisins
397,407,Kirkland Signature Whole Dried Blueberries: 2 Bags of 20 Oz (1 Bag is 1LB 4 OZ which is 20 Ounces),Grocery & Gourmet Food > Snack Foods > Dried Fruit & Raisins
398,407,sincerely nuts dried persimmon slices 1 lb,Grocery & Gourmet Food > Snack Foods > Dried Fruit & Raisins
399,407,"newman's own organics california raisins, 14-count packages (pack of 12)",Grocery & Gourmet Food > Snack Foods > Dried Fruit & Raisins
400,407,"navitas naturals organic mulberries, 8-ounce pouch",Grocery & Gourmet Food > Snack Foods > Dried Fruit & Raisins
401,407,2 lbs organic sun dried california raisins (1 resealable bag),Grocery & Gourmet Food > Snack Foods > Dried Fruit & Raisins
402,407,Sunsweet Ones Individually Wrapped Dried Prunes Value Pack,Grocery & Gourmet Food > Snack Foods > Dried Fruit & Raisins
403,407,"bob's red mill all-natural sun-dried raisins unsulphured nat, 16-ounce packages (pack of 4)",Grocery & Gourmet Food > Snack Foods > Dried Fruit & Raisins
404,407,"just tomatoes organic just strawberries, 1.2 ounce pouch (pack of 4)",Grocery & Gourmet Food > Snack Foods > Dried Fruit & Raisins
405,407,sincerely nuts organic medjool dates 1 lb,Grocery & Gourmet Food > Snack Foods > Dried Fruit & Raisins
406,407,sunmaid natural california raisins 1 oz 6 ct,Grocery & Gourmet Food > Snack Foods > Dried Fruit & Raisins
407,407,"newman's own organics california prunes, pouches, 12 oz",Grocery & Gourmet Food > Snack Foods > Dried Fruit & Raisins
408,407,sun maid raisins mini boxes - 6 oz - 12 ct - 2 pk,Grocery & Gourmet Food > Snack Foods > Dried Fruit & Raisins
409,407,"tree of life organic raisins, 1.5 oz, 6 pk-1.5 oz",Grocery & Gourmet Food > Snack Foods > Dried Fruit & Raisins
410,407,navitas naturals organic goji berries -- 4 oz,Grocery & Gourmet Food > Snack Foods > Dried Fruit & Raisins
411,407,sunsweet california d'noir prunes pitted dried 9 oz bag,Grocery & Gourmet Food > Snack Foods > Dried Fruit & Raisins
412,407,ocean spray craisins cranberries original dried 5 oz bag,Grocery & Gourmet Food > Snack Foods > Dried Fruit & Raisins
413,407,sunsweet california d'noir prunes pitted dried 8 oz bag,Grocery & Gourmet Food > Snack Foods > Dried Fruit & Raisins
414,407,great lakes fancy apricots sun dried 12 oz tub,Grocery & Gourmet Food > Snack Foods > Dried Fruit & Raisins
415,407,sun-maid mediterranean apricots dried 6 oz bag,Grocery & Gourmet Food > Snack Foods > Dried Fruit & Raisins
416,407,sun-maid california raisins - 6 ct natural 6 oz pkg,Grocery & Gourmet Food > Snack Foods > Dried Fruit & Raisins
417,407,mariani pitted dried plums - 40 oz,Grocery & Gourmet Food > Snack Foods > Dried Fruit & Raisins
418,407,sunsweet prunes pitted canister - 18 oz,Grocery & Gourmet Food > Snack Foods > Dried Fruit & Raisins
419,407,"meijer raisins, 20 oz",Grocery & Gourmet Food > Snack Foods > Dried Fruit & Raisins
420,407,"sun maid vanilla yogurt raisins, 5 oz, 10 ct",Grocery & Gourmet Food > Snack Foods > Dried Fruit & Raisins
421,407,"sun maid vanilla yogurt raisins, 6 oz, 6 ct",Grocery & Gourmet Food > Snack Foods > Dried Fruit & Raisins
422,407,"sun maid sun maid vanilla yogurt raisins, 8 ounce bag",Grocery & Gourmet Food > Snack Foods > Dried Fruit & Raisins
423,407,"sun maid sun maid, natural california raisins six - 1oz packages",Grocery & Gourmet Food > Snack Foods > Dried Fruit & Raisins
424,407,"sun-maid natural california raisins, 1 oz, 6 ct",Grocery & Gourmet Food > Snack Foods > Dried Fruit & Raisins
425,407,"great value all natural california raisins, 1 oz, 6pk",Grocery & Gourmet Food > Snack Foods > Dried Fruit & Raisins
426,407,"craisins original sweetened dried cranberries, 12 oz",Grocery & Gourmet Food > Snack Foods > Dried Fruit & Raisins
427,407,sun-maid natural california raisins 10 oz,Grocery & Gourmet Food > Snack Foods > Dried Fruit & Raisins
428,407,sun-maid california apricots - 6 oz pouch,Grocery & Gourmet Food > Snack Foods > Dried Fruit & Raisins
429,407,organic made in nature dried white mulberries 16 ounce,Grocery & Gourmet Food > Snack Foods > Dried Fruit & Raisins
430,407,sun-maid natural california raisins - 12 oz box,Grocery & Gourmet Food > Snack Foods > Dried Fruit & Raisins
431,407,organic ks dried blueberries 20 oz,Grocery & Gourmet Food > Snack Foods > Dried Fruit & Raisins
432,407,sunsweet california pitted dates,Grocery & Gourmet Food > Snack Foods > Dried Fruit & Raisins
433,407,"raisins thompson seedless org pkg, 0.75-1lb",Grocery & Gourmet Food > Snack Foods > Dried Fruit & Raisins
434,407,ocean spray craisins,Grocery & Gourmet Food > Snack Foods > Dried Fruit & Raisins
435,407,shoprite prunes - pitted - 24.00 oz,Grocery & Gourmet Food > Snack Foods > Dried Fruit & Raisins
436,407,sun-maid natural california pit - 8.00 oz,Grocery & Gourmet Food > Snack Foods > Dried Fruit & Raisins
437,407,sun-maid raisins - 20.00 oz,Grocery & Gourmet Food > Snack Foods > Dried Fruit & Raisins
438,407,organic medjool dates with pit,Grocery & Gourmet Food > Snack Foods > Dried Fruit & Raisins
439,407,organic dried pineapple,Grocery & Gourmet Food > Snack Foods > Dried Fruit & Raisins
440,407,"traverse bay fruit co. dried blueberries, 4-pound box",Grocery & Gourmet Food > Snack Foods > Dried Fruit & Raisins
441,407,"divine organics raw white mulberries, 14 ounce",Grocery & Gourmet Food > Snack Foods > Dried Fruit & Raisins
442,407,"made in nature organic antioxidant fusion seeds, dried and unsulfured, 24 ounce",Grocery & Gourmet Food > Snack Foods > Dried Fruit & Raisins
443,407,Sun Maid California Raisins 6 Pack - Pack of 3 (18-7/8 Oz Boxes),Grocery & Gourmet Food > Snack Foods > Dried Fruit & Raisins
444,407,"just tomatoes organic just peaches, 2 ounce pouch",Grocery & Gourmet Food > Snack Foods > Dried Fruit & Raisins
445,407,"Hoosier Hill Farm Dried Blueberries, 1 lb bag",Grocery & Gourmet Food > Snack Foods > Dried Fruit & Raisins
446,407,organic (usda certified) sun dried black mission figs in resealable bag 2 lbs or 32 oz,Grocery & Gourmet Food > Snack Foods > Dried Fruit & Raisins
447,407,"vincent family dried cranberries ,2 oz",Grocery & Gourmet Food > Snack Foods > Dried Fruit & Raisins
448,407,"newman's own organics organic california raisins, 15-ounce cans (pack of 6)",Grocery & Gourmet Food > Snack Foods > Dried Fruit & Raisins
449,407,bob's red mill dried tart cherries -- 8 oz,Grocery & Gourmet Food > Snack Foods > Dried Fruit & Raisins
450,407,"sun-dried white mulberries (organic), 16-ounce",Grocery & Gourmet Food > Snack Foods > Dried Fruit & Raisins
451,407,"sun maid vanilla yogurt raisins, 5-ounce (pack of 6)",Grocery & Gourmet Food > Snack Foods > Dried Fruit & Raisins
452,407,"5 lbs dried mango slices, organic",Grocery & Gourmet Food > Snack Foods > Dried Fruit & Raisins
453,407,trader joe's freeze dried raspberries unsweetened & unsulfured 1.2oz,Grocery & Gourmet Food > Snack Foods > Dried Fruit & Raisins
454,407,apricots - whole (dried) ~ 2 lbs.,Grocery & Gourmet Food > Snack Foods > Dried Fruit & Raisins
455,407,Sincerely Nuts Turkish Figs 1 LB,Grocery & Gourmet Food > Snack Foods > Dried Fruit & Raisins
456,407,ocean spray 6-oz. craisins,Grocery & Gourmet Food > Snack Foods > Dried Fruit & Raisins
457,407,vacaville fruit companyâ® 44 oz. dried fruit pear shape trivet bowl,Grocery & Gourmet Food > Snack Foods > Dried Fruit & Raisins
458,407,nature's all foods organic freeze dried fruit - apple - 1.5 oz,Grocery & Gourmet Food > Snack Foods > Dried Fruit & Raisins
459,407,"freshdirect dried organic turkish apricots, resealable bag - (12oz)",Grocery & Gourmet Food > Snack Foods > Dried Fruit & Raisins
460,407,"freshdirect dried turkish apricots, resealable bag - (12oz)",Grocery & Gourmet Food > Snack Foods > Dried Fruit & Raisins
461,407,just freshdirect medjool dates - (8oz),Grocery & Gourmet Food > Snack Foods > Dried Fruit & Raisins
462,407,medjool dates,Grocery & Gourmet Food > Snack Foods > Dried Fruit & Raisins
463,407,dried mango,Grocery & Gourmet Food > Snack Foods > Dried Fruit & Raisins
464,407,organic raw goji berries,Grocery & Gourmet Food > Snack Foods > Dried Fruit & Raisins
465,407,sunsweet amazin prunes (dried plums) pitted 8 oz bag,Grocery & Gourmet Food > Snack Foods > Dried Fruit & Raisins
466,407,sun-maid california golden raisins 15 oz box,Grocery & Gourmet Food > Snack Foods > Dried Fruit & Raisins
467,407,ocean spray craisins cranberries original dried 6 oz bag,Grocery & Gourmet Food > Snack Foods > Dried Fruit & Raisins
468,407,ocean spray craisins cranberries blueberry juice infused dried 10 oz bag,Grocery & Gourmet Food > Snack Foods > Dried Fruit & Raisins
469,407,sun-maid california raisins natural 12 oz box,Grocery & Gourmet Food > Snack Foods > Dried Fruit & Raisins
470,407,mariani premium ultimate apricots dried 6 oz bag,Grocery & Gourmet Food > Snack Foods > Dried Fruit & Raisins
471,407,sun-maid raisins carton canister - 20 oz,Grocery & Gourmet Food > Snack Foods > Dried Fruit & Raisins
472,407,sun-maid raisins minis - 12-.5 oz,Grocery & Gourmet Food > Snack Foods > Dried Fruit & Raisins
473,407,sunsweet orange essence pitted dried plums - 7 oz,Grocery & Gourmet Food > Snack Foods > Dried Fruit & Raisins
474,407,"sun maid sun maid, natural california raisins, 6 count, 6oz package",Grocery & Gourmet Food > Snack Foods > Dried Fruit & Raisins
475,407,"craisins original sweetened dried cranberries, 6 oz",Grocery & Gourmet Food > Snack Foods > Dried Fruit & Raisins
476,407,"great value sweetened dried pineapple, 6 oz",Grocery & Gourmet Food > Snack Foods > Dried Fruit & Raisins
477,407,"mariani vanilla flavored yogurt raisins, 8 oz",Grocery & Gourmet Food > Snack Foods > Dried Fruit & Raisins
478,407,"sunsweet one california prunes, 12 oz",Grocery & Gourmet Food > Snack Foods > Dried Fruit & Raisins
479,407,"mariani yogurt raisins, 1.5 oz, 6 ct",Grocery & Gourmet Food > Snack Foods > Dried Fruit & Raisins
480,407,"made in nature organic pitted plums, dried & unsulphered - 6 oz bag",Grocery & Gourmet Food > Snack Foods > Dried Fruit & Raisins
481,407,mariani premium dried ultimate apricots - 6 oz bag,Grocery & Gourmet Food > Snack Foods > Dried Fruit & Raisins
482,407,sun-maid california golden raisins - 15 oz box,Grocery & Gourmet Food > Snack Foods > Dried Fruit & Raisins
483,407,"organic medjool dates, fancy/large, 2 lb",Grocery & Gourmet Food > Snack Foods > Dried Fruit & Raisins
484,407,"happy village organic dried apricots, 40 ounces",Grocery & Gourmet Food > Snack Foods > Dried Fruit & Raisins
485,407,"kirkland signature whole dried blueberries, 20-ounces",Grocery & Gourmet Food > Snack Foods > Dried Fruit & Raisins
486,407,ocean spray reduced sugar craisins - 5.00 oz,Grocery & Gourmet Food > Snack Foods > Dried Fruit & Raisins
487,407,mariani premium apricots - med - 6.00 oz,Grocery & Gourmet Food > Snack Foods > Dried Fruit & Raisins
488,407,shoprite prunes - pitted - 12.00 oz,Grocery & Gourmet Food > Snack Foods > Dried Fruit & Raisins
489,407,ocean spray craisins - milk chocol - 8.00 oz,Grocery & Gourmet Food > Snack Foods > Dried Fruit & Raisins
490,407,nature`s all foods organic freeze dried raspberries,Grocery & Gourmet Food > Snack Foods > Dried Fruit & Raisins
491,407,navitas naturals organic sun dried goji berries,Grocery & Gourmet Food > Snack Foods > Dried Fruit & Raisins
492,407,"Anna and Sarah Dried Black Mission Figs in Resealable Bag, 5 Lbs",Grocery & Gourmet Food > Snack Foods > Dried Fruit & Raisins
493,407,"made in nature organic plums, pitted, dried and unsulfured, 6-ounce bags (pack of 6)",Grocery & Gourmet Food > Snack Foods > Dried Fruit & Raisins
494,407,"sun-dried turkish organic figs,natural antioxidants,no added sugar (12 packs)",Grocery & Gourmet Food > Snack Foods > Dried Fruit & Raisins
495,407,trader joe's dried fruit just mango slices 6 ounces (pack of 4),Grocery & Gourmet Food > Snack Foods > Dried Fruit & Raisins
496,407,"Indus Organic Turkish Jumbo Dried Figs, 1 Lb, Sulfite Free, No Added Sugar,",Grocery & Gourmet Food > Snack Foods > Dried Fruit & Raisins
497,407,"indus organic turkish jumbo dried figs, sulfite free, no added sugar, freshly packed, premium grade, freshly packed (3 packs of 16 oz)",Grocery & Gourmet Food > Snack Foods > Dried Fruit & Raisins
498,407,sincerely nuts dried apple rings 2lb bag,Grocery & Gourmet Food > Snack Foods > Dried Fruit & Raisins
499,407,"made in nature organic dried apricots, 6 oz",Grocery & Gourmet Food > Snack Foods > Dried Fruit & Raisins
500,407,hadley date gardens pitted dates 3.5 lbs deglet noor,Grocery & Gourmet Food > Snack Foods > Dried Fruit & Raisins
501,407,"vincent family dried cranberries ,10 oz",Grocery & Gourmet Food > Snack Foods > Dried Fruit & Raisins
502,407,sunmaid natural california raisins 32 oz,Grocery & Gourmet Food > Snack Foods > Dried Fruit & Raisins
503,407,"craisins reduced sugar dried cranberries, 5 oz",Grocery & Gourmet Food > Snack Foods > Dried Fruit & Raisins
504,407,woodstock organic thompson raisins -- 13 oz,Grocery & Gourmet Food > Snack Foods > Dried Fruit & Raisins
505,407,bob's red mill date crumbles -- 20 oz,Grocery & Gourmet Food > Snack Foods > Dried Fruit & Raisins
506,407,"dole raisins, 12 oz",Grocery & Gourmet Food > Snack Foods > Dried Fruit & Raisins
507,407,dried apricots,Grocery & Gourmet Food > Snack Foods > Dried Fruit & Raisins
508,407,organic dried coconut slices,Grocery & Gourmet Food > Snack Foods > Dried Fruit & Raisins
509,407,great lakes fancy apricots sun dried 16 oz tub,Grocery & Gourmet Food > Snack Foods > Dried Fruit & Raisins
510,407,ocean spray craisins cranberries cherry juice infused dried 6 oz bag,Grocery & Gourmet Food > Snack Foods > Dried Fruit & Raisins
511,407,sun-maid raisins natural california seedless prepacked - 32 oz,Grocery & Gourmet Food > Snack Foods > Dried Fruit & Raisins
512,407,o organics organic dried pineapple rings - 6 oz,Grocery & Gourmet Food > Snack Foods > Dried Fruit & Raisins
513,407,sun-maid raisins minis yogurt vanilla - 10-.5 oz,Grocery & Gourmet Food > Snack Foods > Dried Fruit & Raisins
514,407,"sun maid sun-maid natural california raisins, 60 oz, 2 ct",Grocery & Gourmet Food > Snack Foods > Dried Fruit & Raisins
515,407,"sun-maid natural california raisins, 20 oz",Grocery & Gourmet Food > Snack Foods > Dried Fruit & Raisins
516,407,sun maid golden raisins bag 10oz,Grocery & Gourmet Food > Snack Foods > Dried Fruit & Raisins
517,407,sunsweet gold label ones super select california pitted prunes 7-oz.,Grocery & Gourmet Food > Snack Foods > Dried Fruit & Raisins
518,407,ocean spray craisins original dried cranberries,Grocery & Gourmet Food > Snack Foods > Dried Fruit & Raisins
519,407,"sun maid pitted dates, 8 oz",Grocery & Gourmet Food > Snack Foods > Dried Fruit & Raisins
520,407,shoprite raisins - california s - 15.00 oz,Grocery & Gourmet Food > Snack Foods > Dried Fruit & Raisins
521,407,shoprite blueberries - 12.00 oz,Grocery & Gourmet Food > Snack Foods > Dried Fruit & Raisins
522,407,ocean spray craisins - fruit clust - 8.00 oz,Grocery & Gourmet Food > Snack Foods > Dried Fruit & Raisins
523,407,sun-maid mediterranean apricots - 15.00 oz,Grocery & Gourmet Food > Snack Foods > Dried Fruit & Raisins
524,407,organic medjool dates,Grocery & Gourmet Food > Snack Foods > Dried Fruit & Raisins
525,407,nature`s all foods organic freeze dried strawberry,Grocery & Gourmet Food > Snack Foods > Dried Fruit & Raisins
526,407,"dragon herbs, heaven mountain goji berries, 8 oz (227 g)",Grocery & Gourmet Food > Snack Foods > Dried Fruit & Raisins
527,407,"dried cranberries, 1lb",Grocery & Gourmet Food > Snack Foods > Dried Fruit & Raisins
528,407,sincerely nuts organic medjool dates 3 lb,Grocery & Gourmet Food > Snack Foods > Dried Fruit & Raisins
529,407,"sun-maid golden raisins, 15 oz",Grocery & Gourmet Food > Snack Foods > Dried Fruit & Raisins
530,407,sincerely nuts pitted dates 5 lb,Grocery & Gourmet Food > Snack Foods > Dried Fruit & Raisins
531,407,"dried goji berries, cherries, blueberries, cranberries & raisins fruit mix by gerbs - 2 lbs - unsulfured - top 11 allergen free & non gmo",Grocery & Gourmet Food > Snack Foods > Dried Fruit & Raisins
532,407,"navitas naturals organic goji berries, 8 ounce pouch",Grocery & Gourmet Food > Snack Foods > Dried Fruit & Raisins
533,407,dried blueberries (1 pound bag),Grocery & Gourmet Food > Snack Foods > Dried Fruit & Raisins
534,407,Sincerely Nuts Pitted Dates 1 LB,Grocery & Gourmet Food > Snack Foods > Dried Fruit & Raisins
535,407,Dried Umeboshi (Pickled Plum) - Hoshiume - By Kanro From Japan 30g,Grocery & Gourmet Food > Snack Foods > Dried Fruit & Raisins
536,407,"Philippine Brand Dried Mango Tamarind Balls, 3.53-Ounces Pouches (Pack of 10)",Grocery & Gourmet Food > Snack Foods > Dried Fruit & Raisins
537,407,"Navitas Naturals Organic Goji Berries, 8 Ounce",Grocery & Gourmet Food > Snack Foods > Dried Fruit & Raisins
538,407,sincerely nuts® medjool,Grocery & Gourmet Food > Snack Foods > Dried Fruit & Raisins
539,407,"philippine brand dried mango, 14-ounce pouches (pack of 2)",Grocery & Gourmet Food > Snack Foods > Dried Fruit & Raisins
540,407,"newman's own organic raisins, 15 oz",Grocery & Gourmet Food > Snack Foods > Dried Fruit & Raisins
541,407,food to live ® medjool,Grocery & Gourmet Food > Snack Foods > Dried Fruit & Raisins
542,407,"bulk dried fruit, 100% choice medjool dates, bulk, 5 lbs",Grocery & Gourmet Food > Snack Foods > Dried Fruit & Raisins
543,407,sun-maid vanilla yogurt raisins 6pk,Grocery & Gourmet Food > Snack Foods > Dried Fruit & Raisins
544,407,sun-maid raisins 20oz,Grocery & Gourmet Food > Snack Foods > Dried Fruit & Raisins
545,407,sunmaid natural california raisins 12 oz,Grocery & Gourmet Food > Snack Foods > Dried Fruit & Raisins
546,407,vacaville fruit company® 40 oz. dried fruit pear shape trivet bowl,Grocery & Gourmet Food > Snack Foods > Dried Fruit & Raisins
547,407,newman's own organics raisins -- 6 oz,Grocery & Gourmet Food > Snack Foods > Dried Fruit & Raisins
548,407,newman's own organics raisins -- 15 oz,Grocery & Gourmet Food > Snack Foods > Dried Fruit & Raisins
549,407,"newman's own organics raisins, 0.5 oz,",Grocery & Gourmet Food > Snack Foods > Dried Fruit & Raisins
550,407,sun-dried goji berries 16 oz pkg,Grocery & Gourmet Food > Snack Foods > Dried Fruit & Raisins
551,407,just freshdirect dried pomegranate arils - (8oz),Grocery & Gourmet Food > Snack Foods > Dried Fruit & Raisins
552,407,"freshdirect dried turkish apricots snack packs - (10ct, 2.5oz ea)",Grocery & Gourmet Food > Snack Foods > Dried Fruit & Raisins
553,407,"sun-maid raisins snack size - (6ct, 1oz ea)",Grocery & Gourmet Food > Snack Foods > Dried Fruit & Raisins
554,407,dried pineapple,Grocery & Gourmet Food > Snack Foods > Dried Fruit & Raisins
555,407,dried cranberries,Grocery & Gourmet Food > Snack Foods > Dried Fruit & Raisins
556,407,sun-maid raisins vanilla yogurt covered - 6 ct 6 oz pkg,Grocery & Gourmet Food > Snack Foods > Dried Fruit & Raisins
557,407,sun-maid california zante currants 10 oz box,Grocery & Gourmet Food > Snack Foods > Dried Fruit & Raisins
558,407,mariani premium dates whole pitted 8 oz bag,Grocery & Gourmet Food > Snack Foods > Dried Fruit & Raisins
559,407,sun maid carton canister raisins - 20 oz,Grocery & Gourmet Food > Snack Foods > Dried Fruit & Raisins
560,407,ocean spray cherry flavor craisins - 5 oz,Grocery & Gourmet Food > Snack Foods > Dried Fruit & Raisins
561,407,ocean spray blueberry flavor craisins - 5 oz,Grocery & Gourmet Food > Snack Foods > Dried Fruit & Raisins
562,407,"craisins ocean spray craisins, 64 oz",Grocery & Gourmet Food > Snack Foods > Dried Fruit & Raisins
563,407,"sun maid sun-maid natural california raisins, 20 oz",Grocery & Gourmet Food > Snack Foods > Dried Fruit & Raisins
564,407,"kirkland signature kirkland signature dried pitted plums, 56 oz",Grocery & Gourmet Food > Snack Foods > Dried Fruit & Raisins
565,407,"great value dried apples, 4.5 oz",Grocery & Gourmet Food > Snack Foods > Dried Fruit & Raisins
566,407,"ocean spray craisins, 64 oz",Grocery & Gourmet Food > Snack Foods > Dried Fruit & Raisins
567,407,sun maid raisins 2 x 2.25 lb,Grocery & Gourmet Food > Snack Foods > Dried Fruit & Raisins
568,407,sun-maid natural california raisins - 32 oz pouch,Grocery & Gourmet Food > Snack Foods > Dried Fruit & Raisins
569,407,sunmaid raisins,Grocery & Gourmet Food > Snack Foods > Dried Fruit & Raisins
570,407,"dole dates, pitted, 8 oz",Grocery & Gourmet Food > Snack Foods > Dried Fruit & Raisins
571,407,navitas naturals goji berries,Grocery & Gourmet Food > Snack Foods > Dried Fruit & Raisins
572,407,shoprite organic raisins - 24.00 oz,Grocery & Gourmet Food > Snack Foods > Dried Fruit & Raisins
573,407,ocean spray craisins snack pack sw - 6.00 oz,Grocery & Gourmet Food > Snack Foods > Dried Fruit & Raisins
574,407,sun-maid mini snack raisins - 6.00 oz,Grocery & Gourmet Food > Snack Foods > Dried Fruit & Raisins
575,407,ocean spray craisins - greek yogur - 8.00 oz,Grocery & Gourmet Food > Snack Foods > Dried Fruit & Raisins
576,407,navitas naturals organic freeze dried pomegranate powder,Grocery & Gourmet Food > Snack Foods > Dried Fruit & Raisins
577,407,thrive market organic thompson seedless raisins,Grocery & Gourmet Food > Snack Foods > Dried Fruit & Raisins
578,407,organic goji berries,Grocery & Gourmet Food > Snack Foods > Dried Fruit & Raisins
579,407,"eden foods, organic, dried blueberries, 4 oz (113 g)",Grocery & Gourmet Food > Snack Foods > Dried Fruit & Raisins
580,407,dried turkish apricots (1 pound bag) - no sugar added,Grocery & Gourmet Food > Snack Foods > Dried Fruit & Raisins
581,407,"traverse bay fruit co. dried cherries, 14-ounce pouch",Grocery & Gourmet Food > Snack Foods > Dried Fruit & Raisins
582,407,sincerely nuts organic dried mango slices 5 lb,Grocery & Gourmet Food > Snack Foods > Dried Fruit & Raisins
583,407,"philippine brand dried mango, 6-ounce pouches (pack of 8)",Grocery & Gourmet Food > Snack Foods > Dried Fruit & Raisins
584,407,"just tomatoes organic just apples, 1.5 ounce pouch",Grocery & Gourmet Food > Snack Foods > Dried Fruit & Raisins
585,407,"signature's dried plums pitted prunes, 56 ounce",Grocery & Gourmet Food > Snack Foods > Dried Fruit & Raisins
586,407,Ocean Spray Reduced Sugar Craisins Dried Cranberries 43 Ounce,Grocery & Gourmet Food > Snack Foods > Dried Fruit & Raisins
587,407,"Sun Dried Jumbo Fig From Turkey Selection Sulfite Free, No Added Sugar, Freshly Packed, Premium Grade (2 Lb)",Grocery & Gourmet Food > Snack Foods > Dried Fruit & Raisins
588,407,"made in nature organic calimyrna figs - golden delicious, unsulfured sun-dried figs - 40 ounce bag",Grocery & Gourmet Food > Snack Foods > Dried Fruit & Raisins
589,407,"Healthworks Certified Organic Goji Berries, 8 Ounce",Grocery & Gourmet Food > Snack Foods > Dried Fruit & Raisins
590,407,Sincerely Nuts Jumbo Medjool Dates (1 Pound Bag),Grocery & Gourmet Food > Snack Foods > Dried Fruit & Raisins
591,407,"great value: dried mixed berry, 5 oz",Grocery & Gourmet Food > Snack Foods > Dried Fruit & Raisins
592,407,"craisins original dried cranberries, 1 oz, (pack of 6)",Grocery & Gourmet Food > Snack Foods > Dried Fruit & Raisins
593,407,"great value dried mission figs, 7 oz",Grocery & Gourmet Food > Snack Foods > Dried Fruit & Raisins
594,407,sun maid raisins mini boxes - natural california - 1 oz - 6 ct - 2 pk,Grocery & Gourmet Food > Snack Foods > Dried Fruit & Raisins
595,407,sunsweet california prunes (dried plums) pitted 18 oz can,Grocery & Gourmet Food > Snack Foods > Dried Fruit & Raisins
596,407,sun-maid zante currants 10 oz box,Grocery & Gourmet Food > Snack Foods > Dried Fruit & Raisins
597,407,dole california dates pitted 8 oz bag,Grocery & Gourmet Food > Snack Foods > Dried Fruit & Raisins
598,407,sun-maid raisins yogurt vanilla snack pack - 6-1 oz,Grocery & Gourmet Food > Snack Foods > Dried Fruit & Raisins
599,407,o organics dried pitted prunes - 8 oz,Grocery & Gourmet Food > Snack Foods > Dried Fruit & Raisins
600,407,"meijer premium dried cranberries, 5 oz",Grocery & Gourmet Food > Snack Foods > Dried Fruit & Raisins
601,407,meijer 6 pack raisins,Grocery & Gourmet Food > Snack Foods > Dried Fruit & Raisins
602,407,"ocean spray ocean spray craisins, 64 oz",Grocery & Gourmet Food > Snack Foods > Dried Fruit & Raisins
603,407,sunsweet sunsweet gold label ones super select california prunes 1...,Grocery & Gourmet Food > Snack Foods > Dried Fruit & Raisins
604,407,"sunsweet gold label pitted dried plums prunes, 9 oz",Grocery & Gourmet Food > Snack Foods > Dried Fruit & Raisins
605,407,"sun-maid vanilla yogurt raisins mini-snacks, 10 ct, 5 oz",Grocery & Gourmet Food > Snack Foods > Dried Fruit & Raisins
606,407,sun-maid california pitted prunes,Grocery & Gourmet Food > Snack Foods > Dried Fruit & Raisins
607,407,organic ks dried cherries 20 oz,Grocery & Gourmet Food > Snack Foods > Dried Fruit & Raisins
608,407,ocean spray original craisins - 5 oz pouch,Grocery & Gourmet Food > Snack Foods > Dried Fruit & Raisins
609,407,original craisins,Grocery & Gourmet Food > Snack Foods > Dried Fruit & Raisins
610,407,sun-maid vanilla yogurt raisins,Grocery & Gourmet Food > Snack Foods > Dried Fruit & Raisins
611,407,natural california raisins,Grocery & Gourmet Food > Snack Foods > Dried Fruit & Raisins
612,407,sun maid natural california raisins mini snacks,Grocery & Gourmet Food > Snack Foods > Dried Fruit & Raisins
613,407,mariani tropical pineapple,Grocery & Gourmet Food > Snack Foods > Dried Fruit & Raisins
614,407,sun-maid canister of raisins - 20.00 oz,Grocery & Gourmet Food > Snack Foods > Dried Fruit & Raisins
615,407,ocean spray craisins - cherry flav - 5.00 oz,Grocery & Gourmet Food > Snack Foods > Dried Fruit & Raisins
616,407,sun-maid prunes - 15.00 oz,Grocery & Gourmet Food > Snack Foods > Dried Fruit & Raisins
617,407,sunnyvale blueberries - 12.00 oz,Grocery & Gourmet Food > Snack Foods > Dried Fruit & Raisins
618,407,nature`s all foods organic freeze dried apples,Grocery & Gourmet Food > Snack Foods > Dried Fruit & Raisins
619,407,nature`s all foods organic freeze dried blueberries,Grocery & Gourmet Food > Snack Foods > Dried Fruit & Raisins
620,407,navitas naturals organic sun dried white mulberries,Grocery & Gourmet Food > Snack Foods > Dried Fruit & Raisins
621,407,"made in nature, organic cranberries, no sugar added, 5 oz (142 g)",Grocery & Gourmet Food > Snack Foods > Dried Fruit & Raisins
622,407,"made in nature, organic dried fruit, super berry fusion, 5 packages, 1 oz (28 g) each",Grocery & Gourmet Food > Snack Foods > Dried Fruit & Raisins
623,407,vincent family dried,Grocery & Gourmet Food > Snack Foods > Dried Fruit & Raisins
624,407,dried apple rings 5 pound bag (bulk),Grocery & Gourmet Food > Snack Foods > Dried Fruit & Raisins
625,407,"sun maid natural california raisins, 20-ounce",Grocery & Gourmet Food > Snack Foods > Dried Fruit & Raisins
626,407,"Mulberries, Dried - 2 Lb Bag / Box Each - We Got Nuts",Grocery & Gourmet Food > Snack Foods > Dried Fruit & Raisins
627,407,Food To Live ® Medjool Dates (5 Pounds),Grocery & Gourmet Food > Snack Foods > Dried Fruit & Raisins
628,407,"traverse bay fruit co. dried cranberries, 4-pound box",Grocery & Gourmet Food > Snack Foods > Dried Fruit & Raisins
629,407,"Sun-dried Turkish Organic Figs,natural Antioxidants,no Added Sugar (2 Packs)",Grocery & Gourmet Food > Snack Foods > Dried Fruit & Raisins
630,407,dried mediterranean apricots 4 lbs (in 4 - 16 oz. reclosable bags),Grocery & Gourmet Food > Snack Foods > Dried Fruit & Raisins
631,407,"sun maid vanilla yogurt raisins, 6 ounce (pack of 9)",Grocery & Gourmet Food > Snack Foods > Dried Fruit & Raisins
632,407,"philippine brand dried mango, 14 ounce pouch",Grocery & Gourmet Food > Snack Foods > Dried Fruit & Raisins
633,407,"Ocean Spray Craisins Dried Cranberries, 18 Ounce",Grocery & Gourmet Food > Snack Foods > Dried Fruit & Raisins
634,407,"just tomatoes organic just strawberries, 1.2 ounce pouch",Grocery & Gourmet Food > Snack Foods > Dried Fruit & Raisins
635,407,healthworks certified organic goji berries 1 pound,Grocery & Gourmet Food > Snack Foods > Dried Fruit & Raisins
636,407,"terrasoul superfoods sun-dried white mulberries (organic), 16-ounce",Grocery & Gourmet Food > Snack Foods > Dried Fruit & Raisins
637,407,"sun-maid raisins, 10 oz",Grocery & Gourmet Food > Snack Foods > Dried Fruit & Raisins
638,407,trader joe's freeze dried mango unsweetened & unsulfured 1.7oz,Grocery & Gourmet Food > Snack Foods > Dried Fruit & Raisins
639,407,sun-maid raisin autumn mini-snacks 12 pk,Grocery & Gourmet Food > Snack Foods > Dried Fruit & Raisins
640,407,"sunsweet pitted dates, 8 oz",Grocery & Gourmet Food > Snack Foods > Dried Fruit & Raisins
641,407,sun maid raisins canister-natural california-20 oz,Grocery & Gourmet Food > Snack Foods > Dried Fruit & Raisins
642,407,nature's all foods organic freeze dried raw pineapple -- 1.5 oz,Grocery & Gourmet Food > Snack Foods > Dried Fruit & Raisins
643,407,navitas naturals organic goji berries -- 16 oz,Grocery & Gourmet Food > Snack Foods > Dried Fruit & Raisins
644,407,newman's own organics california prunes -- 6 oz,Grocery & Gourmet Food > Snack Foods > Dried Fruit & Raisins
645,407,freshdirect dried tart apricots - (container),Grocery & Gourmet Food > Snack Foods > Dried Fruit & Raisins
646,407,"ocean spray craisins dried cranberries, original - (12oz)",Grocery & Gourmet Food > Snack Foods > Dried Fruit & Raisins
647,407,"freshdirect dried organic turkish apricots, container - (7oz)",Grocery & Gourmet Food > Snack Foods > Dried Fruit & Raisins
648,407,"freshdirect dried organic turkish apricots, resealable bag - (resealable bag)",Grocery & Gourmet Food > Snack Foods > Dried Fruit & Raisins
649,407,sunshine snacks sundried figs (8oz),Grocery & Gourmet Food > Snack Foods > Dried Fruit & Raisins
650,407,sun-maid cranberries vanilla yogurt covered 6 oz bag,Grocery & Gourmet Food > Snack Foods > Dried Fruit & Raisins
651,407,ocean spray craisins cranberries original dried 10 oz bag,Grocery & Gourmet Food > Snack Foods > Dried Fruit & Raisins
652,407,sun-maid fruit bits 7 oz bag,Grocery & Gourmet Food > Snack Foods > Dried Fruit & Raisins
653,407,sun maid raisin snack packs - 6-1 oz,Grocery & Gourmet Food > Snack Foods > Dried Fruit & Raisins
654,407,o organics organic dried pitted prunes - 8 oz,Grocery & Gourmet Food > Snack Foods > Dried Fruit & Raisins
655,407,hadley pitted deglet noor dates - 16 oz,Grocery & Gourmet Food > Snack Foods > Dried Fruit & Raisins
656,407,sunsweet dates deglet noor pitted - 8 oz,Grocery & Gourmet Food > Snack Foods > Dried Fruit & Raisins
657,407,"sun maid organic mini-snack raisins, 6 oz",Grocery & Gourmet Food > Snack Foods > Dried Fruit & Raisins
658,407,"sun-maid california golden raisins, 15 oz",Grocery & Gourmet Food > Snack Foods > Dried Fruit & Raisins
659,407,"great value dried cherries, 5 oz",Grocery & Gourmet Food > Snack Foods > Dried Fruit & Raisins
660,407,"365 organic raisins - 6 pack, 1.5 oz boxes",Grocery & Gourmet Food > Snack Foods > Dried Fruit & Raisins
661,407,made in nature organic dried figs,Grocery & Gourmet Food > Snack Foods > Dried Fruit & Raisins
662,407,ocean spray craisins cherry dried cranberries 5 oz,Grocery & Gourmet Food > Snack Foods > Dried Fruit & Raisins
663,407,organic happy village dried calimy...,Grocery & Gourmet Food > Snack Foods > Dried Fruit & Raisins
664,407,sunmaid tart cherries,Grocery & Gourmet Food > Snack Foods > Dried Fruit & Raisins
665,407,sunsweet mediterranean apricots,Grocery & Gourmet Food > Snack Foods > Dried Fruit & Raisins
666,407,ocean spray craisins - original - 12.00 oz,Grocery & Gourmet Food > Snack Foods > Dried Fruit & Raisins
667,407,ocean spray craisins - 24.00 oz,Grocery & Gourmet Food > Snack Foods > Dried Fruit & Raisins
668,407,sunsweet prunes - cherry - 7.00 oz,Grocery & Gourmet Food > Snack Foods > Dried Fruit & Raisins
669,407,"made in nature, organic raisins, 6 pack, 1.5 oz (42 g) each",Grocery & Gourmet Food > Snack Foods > Dried Fruit & Raisins
670,407,Food To Live ® Medjool Dates (2 Pounds),Grocery & Gourmet Food > Snack Foods > Dried Fruit & Raisins
671,407,"sun maid peaches, 6-ounce pouches (pack of 6)",Grocery & Gourmet Food > Snack Foods > Dried Fruit & Raisins
672,407,"Viva Labs Premium Himalayan Organic Goji Berries, Noticeably Larger and Juicier, 1lb bag",Grocery & Gourmet Food > Snack Foods > Dried Fruit & Raisins
673,407,"good sense organic dried & unsulfured apricots, 6-ounce bag (pack of 6)",Grocery & Gourmet Food > Snack Foods > Dried Fruit & Raisins
674,407,"traverse bay fruit co. dried blueberries, 3-ounce pouches (pack of 8)",Grocery & Gourmet Food > Snack Foods > Dried Fruit & Raisins
675,407,kirkland signature dried cherries 20 ounce,Grocery & Gourmet Food > Snack Foods > Dried Fruit & Raisins
676,407,"Navitas Naturals Organic Goji Berries, 1 Pound Pouches",Grocery & Gourmet Food > Snack Foods > Dried Fruit & Raisins
677,407,"dried fruit apricot, 100% organic unsulphured, 1lb",Grocery & Gourmet Food > Snack Foods > Dried Fruit & Raisins
678,407,trader joe's dried fruit,Grocery & Gourmet Food > Snack Foods > Dried Fruit & Raisins
679,407,bob's red mill sun-dried,Grocery & Gourmet Food > Snack Foods > Dried Fruit & Raisins
680,407,Anna and Sarah Dried Turkish Apricots 3 Lbs,Grocery & Gourmet Food > Snack Foods > Dried Fruit & Raisins
681,407,"tetra: freeze dried food bloodworms, 8 g",Grocery & Gourmet Food > Snack Foods > Dried Fruit & Raisins
682,407,bob's red mill sun-dried raisins -- 16 oz,Grocery & Gourmet Food > Snack Foods > Dried Fruit & Raisins
683,407,"freshdirect dried turkish apricots snack packs (10 pack, 2.5 oz ea)",Grocery & Gourmet Food > Snack Foods > Dried Fruit & Raisins
684,407,freshdirect dried blueberries - (container),Grocery & Gourmet Food > Snack Foods > Dried Fruit & Raisins
685,407,"freshdirect dried tart apricots, container - (6oz)",Grocery & Gourmet Food > Snack Foods > Dried Fruit & Raisins
686,407,just freshdirect diced dried apricots - (8oz),Grocery & Gourmet Food > Snack Foods > Dried Fruit & Raisins
687,407,freshdirect mixed dried fruit - (one size),Grocery & Gourmet Food > Snack Foods > Dried Fruit & Raisins
688,407,sun-maid raisins snack size - (6pk),Grocery & Gourmet Food > Snack Foods > Dried Fruit & Raisins
689,407,sunmaidraisins,Grocery & Gourmet Food > Snack Foods > Dried Fruit & Raisins
690,407,sun-maid california raisins natural 10 oz pkg,Grocery & Gourmet Food > Snack Foods > Dried Fruit & Raisins
691,407,sunsweet california prunes (dried plums) lemon essence pitted 7 oz bag,Grocery & Gourmet Food > Snack Foods > Dried Fruit & Raisins
692,407,ocean spray craisins cranberries original dried snack packs - 6 ct 6 oz box,Grocery & Gourmet Food > Snack Foods > Dried Fruit & Raisins
693,407,sunsweet california prunes (dried plums) pitted bite size 18 oz tub,Grocery & Gourmet Food > Snack Foods > Dried Fruit & Raisins
694,407,sunsweet dates pitted - 8 oz,Grocery & Gourmet Food > Snack Foods > Dried Fruit & Raisins
695,407,sun maid bag in a box raisins - 12 oz,Grocery & Gourmet Food > Snack Foods > Dried Fruit & Raisins
696,407,sun maid vanilla yogurt raisins snack pack - 6-1 oz,Grocery & Gourmet Food > Snack Foods > Dried Fruit & Raisins
697,407,sunsweet prunes pitted canister - 16 oz,Grocery & Gourmet Food > Snack Foods > Dried Fruit & Raisins
698,407,"meijer raisins, 6 pk",Grocery & Gourmet Food > Snack Foods > Dried Fruit & Raisins
699,407,"sun maid natural california raisins, 6 pk, 1 oz",Grocery & Gourmet Food > Snack Foods > Dried Fruit & Raisins
700,407,"kirkland signature kirkland signature whole dried blueberries, 20 ounce",Grocery & Gourmet Food > Snack Foods > Dried Fruit & Raisins
701,407,"sun maid sun maid natural california raisins, 20 ounce",Grocery & Gourmet Food > Snack Foods > Dried Fruit & Raisins
702,407,"sun maid sun-maid natural california raisins, 30 oz, 2 ct",Grocery & Gourmet Food > Snack Foods > Dried Fruit & Raisins
703,407,ocean spray 12-oz. craisins,Grocery & Gourmet Food > Snack Foods > Dried Fruit & Raisins
704,407,365 pitted deglet dates - 8 oz bag,Grocery & Gourmet Food > Snack Foods > Dried Fruit & Raisins
705,407,"kirkland signature sunsweet dried plums, 56-ounces",Grocery & Gourmet Food > Snack Foods > Dried Fruit & Raisins
706,407,"organic sun maid raisins, 2-pack, 32-ounces - sale price limit 5",Grocery & Gourmet Food > Snack Foods > Dried Fruit & Raisins
707,407,sun-maid natural california zante currants - 10 oz box,Grocery & Gourmet Food > Snack Foods > Dried Fruit & Raisins
708,407,medjool dates fancy/large 2 lb container,Grocery & Gourmet Food > Snack Foods > Dried Fruit & Raisins
709,407,vanilla yogurt raisins,Grocery & Gourmet Food > Snack Foods > Dried Fruit & Raisins
710,407,newman's own organic raisins box,Grocery & Gourmet Food > Snack Foods > Dried Fruit & Raisins
711,407,"sprouts, golden jumbo raisins, 1 pound",Grocery & Gourmet Food > Snack Foods > Dried Fruit & Raisins
712,407,sun-maid organic raisins,Grocery & Gourmet Food > Snack Foods > Dried Fruit & Raisins
713,407,philippine dried mangoes,Grocery & Gourmet Food > Snack Foods > Dried Fruit & Raisins
714,407,mariani dried cranberries - 5.00 oz,Grocery & Gourmet Food > Snack Foods > Dried Fruit & Raisins
715,407,sun-maid raisins - 6.00 oz,Grocery & Gourmet Food > Snack Foods > Dried Fruit & Raisins
716,407,ocean spray craisins - cherry juic - 5.00 oz,Grocery & Gourmet Food > Snack Foods > Dried Fruit & Raisins
717,407,navitas naturals organic white mulberries,Grocery & Gourmet Food > Snack Foods > Dried Fruit & Raisins
718,407,woodstock organic thompson raisins,Grocery & Gourmet Food > Snack Foods > Dried Fruit & Raisins
719,407,"made in nature, organic dates, pitted, sun-dried & unsulfured, 6 oz (170 g)",Grocery & Gourmet Food > Snack Foods > Dried Fruit & Raisins
720,407,"woodstock, organic prunes, pitted, 11 oz (312 g)",Grocery & Gourmet Food > Snack Foods > Dried Fruit & Raisins
721,407,"bob's red mill, sun dried raisins, 16 oz (453 g)",Grocery & Gourmet Food > Snack Foods > Dried Fruit & Raisins
722,407,"indus organic turkish jumbo dried figs, 1 lb, sulfite free, no added sugar, freshly packed, premium grade",Grocery & Gourmet Food > Snack Foods > Dried Fruit & Raisins
723,407,"sun maid natural california raisins, 10-ounce (pack of 12)",Grocery & Gourmet Food > Snack Foods > Dried Fruit & Raisins
724,407,"sun maid organic raisins, 64 ounce",Grocery & Gourmet Food > Snack Foods > Dried Fruit & Raisins
725,407,"philippine brand dried mango yellow and green snacks, 6 ounce",Grocery & Gourmet Food > Snack Foods > Dried Fruit & Raisins
726,407,2 bags sweet li hing mui preserved dried plums 12 ounces,Grocery & Gourmet Food > Snack Foods > Dried Fruit & Raisins
727,407,"anna and sarah organic medjool dates in resealable bag, 2 lbs",Grocery & Gourmet Food > Snack Foods > Dried Fruit & Raisins
728,407,"sun-dried white mulberries (organic), 8-ounce",Grocery & Gourmet Food > Snack Foods > Dried Fruit & Raisins
729,407,unsweetened montmorency dried cherries - 1/2 pound bag - shipping included,Grocery & Gourmet Food > Snack Foods > Dried Fruit & Raisins
730,407,"nature's all foods organic freeze-dried blueberries, 1.2 ounce pouch",Grocery & Gourmet Food > Snack Foods > Dried Fruit & Raisins
731,407,unsweetened 1 lb. low moisture dried cranberries,Grocery & Gourmet Food > Snack Foods > Dried Fruit & Raisins
732,407,"sun dried jumbo fig from turkey selection sulfite free, no added sugar, freshly packed, premium grade (3 lb)",Grocery & Gourmet Food > Snack Foods > Dried Fruit & Raisins
733,407,"sun maid natural california raisins, 4.5-pounds package",Grocery & Gourmet Food > Snack Foods > Dried Fruit & Raisins
734,407,"Made in Nature Organic Sun Dried Black Mission Figs in Resealable Bag, 32-ounces",Grocery & Gourmet Food > Snack Foods > Dried Fruit & Raisins
735,407,"indus organic turkish jumbo dried figs,1 lb (1x3 pack), sulfite free, no added sugar, freshly packed, premium grade",Grocery & Gourmet Food > Snack Foods > Dried Fruit & Raisins
736,407,Gourmet Filled Medjool Dates - 25 Pc,Grocery & Gourmet Food > Snack Foods > Dried Fruit & Raisins
737,407,Sincerely Nuts Dried Persimmon Slices 2 LB,Grocery & Gourmet Food > Snack Foods > Dried Fruit & Raisins
738,407,3 pack trader joe's dried fruit freeze dried strawberries unsweetened and unsulfured,Grocery & Gourmet Food > Snack Foods > Dried Fruit & Raisins
739,407,Saladitos - Plain / Salted Dried Plum (1 Lb Bag),Grocery & Gourmet Food > Snack Foods > Dried Fruit & Raisins
740,407,sun maid pitted dates,Grocery & Gourmet Food > Snack Foods > Dried Fruit & Raisins
741,407,"sun-dried white mulberries (organic), 16-ounce (pack of 2)",Grocery & Gourmet Food > Snack Foods > Dried Fruit & Raisins
742,407,sun-maid raisins 24 oz,Grocery & Gourmet Food > Snack Foods > Dried Fruit & Raisins
743,407,"great value: dried apples, 4.5 oz",Grocery & Gourmet Food > Snack Foods > Dried Fruit & Raisins
744,407,"sunsweet gold label super select california prunes, 7 oz",Grocery & Gourmet Food > Snack Foods > Dried Fruit & Raisins
745,407,sun maid raisins mini boxes - natural california - 1 oz - 6 ct,Grocery & Gourmet Food > Snack Foods > Dried Fruit & Raisins
746,407,nature's all foods organic freeze-dried raw blueberries -- 1.2 oz,Grocery & Gourmet Food > Snack Foods > Dried Fruit & Raisins
747,407,sunfood superfoods goji berries sundried -- 1 lb,Grocery & Gourmet Food > Snack Foods > Dried Fruit & Raisins
748,407,sun-maid raisins - (12oz),Grocery & Gourmet Food > Snack Foods > Dried Fruit & Raisins
749,407,"fruit bliss all-natural soft dried apricots, case - (12ct, 1.76oz ea)",Grocery & Gourmet Food > Snack Foods > Dried Fruit & Raisins
750,407,ocean spray® craisins® - 48oz bag,Grocery & Gourmet Food > Snack Foods > Dried Fruit & Raisins
751,407,sunsweet california prunes (dried plums) pitted 9 oz bag,Grocery & Gourmet Food > Snack Foods > Dried Fruit & Raisins
752,407,ocean spray craisins cranberries original dried 12 oz bag,Grocery & Gourmet Food > Snack Foods > Dried Fruit & Raisins
753,407,sunsweet california prunes (dried plums) pitted 8 oz bag,Grocery & Gourmet Food > Snack Foods > Dried Fruit & Raisins
754,407,sun-maid california raisins mini boxes - 12 ct natural 6 oz bag,Grocery & Gourmet Food > Snack Foods > Dried Fruit & Raisins
755,407,sun-maid california raisins natural - 6 ct 6 oz pkg,Grocery & Gourmet Food > Snack Foods > Dried Fruit & Raisins
756,407,newman's own organics raisins snack size mini boxes - 14 ct 7 oz bag,Grocery & Gourmet Food > Snack Foods > Dried Fruit & Raisins
757,407,dates sunsweet pitted - 8 oz,Grocery & Gourmet Food > Snack Foods > Dried Fruit & Raisins
758,407,ocean spray pomegranate flavor craisins - 5 oz,Grocery & Gourmet Food > Snack Foods > Dried Fruit & Raisins
759,407,wymans wild blueberries - 3 lb,Grocery & Gourmet Food > Snack Foods > Dried Fruit & Raisins
760,407,"sunsweet sunsweet california grown dates pitted , 8 ounce",Grocery & Gourmet Food > Snack Foods > Dried Fruit & Raisins
761,407,"craisins ocean spray craisins, 64 ounce",Grocery & Gourmet Food > Snack Foods > Dried Fruit & Raisins
762,407,"sun maid sun maid california golden raisins, 15 ounce boxes",Grocery & Gourmet Food > Snack Foods > Dried Fruit & Raisins
763,407,"natural delights pitted medjool dates, 12 oz",Grocery & Gourmet Food > Snack Foods > Dried Fruit & Raisins
764,407,sun-maid natural california raisin...,Grocery & Gourmet Food > Snack Foods > Dried Fruit & Raisins
765,407,"organic medjool dates, fancy/large...",Grocery & Gourmet Food > Snack Foods > Dried Fruit & Raisins
766,407,sun-maid mediterranean apricots,Grocery & Gourmet Food > Snack Foods > Dried Fruit & Raisins
767,407,sun-maid 100 calorie raisins,Grocery & Gourmet Food > Snack Foods > Dried Fruit & Raisins
768,407,ocean spray pomegranate juice infused craisins,Grocery & Gourmet Food > Snack Foods > Dried Fruit & Raisins
769,407,"navitas naturals organic goji berries, 1 pound pouches",Grocery & Gourmet Food > Snack Foods > Dried Fruit & Raisins
770,407,shoprite organic raisins - 9.00 oz,Grocery & Gourmet Food > Snack Foods > Dried Fruit & Raisins
771,407,sunsweet prunes - pitted - 18.00 oz,Grocery & Gourmet Food > Snack Foods > Dried Fruit & Raisins
772,407,sunsweet pitted prunes - 6.00 oz,Grocery & Gourmet Food > Snack Foods > Dried Fruit & Raisins
773,407,sun-maid box of raisins - 12.00 oz,Grocery & Gourmet Food > Snack Foods > Dried Fruit & Raisins
774,407,organic dried mango,Grocery & Gourmet Food > Snack Foods > Dried Fruit & Raisins
775,407,woodstock organic prunes,Grocery & Gourmet Food > Snack Foods > Dried Fruit & Raisins
776,407,woodstock organic goji berries,Grocery & Gourmet Food > Snack Foods > Dried Fruit & Raisins
777,407,nature`s all foods organic freeze dried raw bananas & strawberries,Grocery & Gourmet Food > Snack Foods > Dried Fruit & Raisins
